################################################################################
# Neural network connection values (weights and biases).
################################################################################
# Col  Name       Description
################################################################################
# 1    connection Neural network connection value.
# 2    t          Connection type (a = weight, b = bias).
# 3    index      Index enumerating weights.
# 4    l_s        Starting point layer (end point layer for biases).
# 5    n_s        Starting point neuron in starting layer (end point neuron for biases).
# 6    l_e        End point layer.
# 7    n_e        End point neuron in end layer.
################################################################################
#                      1 2         3     4     5     6     7
#             connection t     index   l_s   n_s   l_e   n_e
############################################################
  5.0222561448149809E+00 a         1     0     1     1     1
  5.7827755705010253E-01 a         2     0     1     1     2
 -2.6330926597782858E+00 a         3     0     1     1     3
  3.8312838007831973E-01 a         4     0     1     1     4
 -1.7037731201481987E+00 a         5     0     1     1     5
  1.3457841086167020E+01 a         6     0     1     1     6
 -6.6042163781319019E-01 a         7     0     1     1     7
  1.3997381594490108E-01 a         8     0     1     1     8
  4.9122897128213072E+00 a         9     0     1     1     9
  1.6966236419537928E+00 a        10     0     1     1    10
 -1.7537921354140775E+00 a        11     0     1     1    11
 -7.9601364520964313E-01 a        12     0     1     1    12
  3.1056629661273910E-01 a        13     0     1     1    13
 -5.5543895170164896E+00 a        14     0     1     1    14
  9.6166656340102930E-01 a        15     0     1     1    15
  6.4664438351721296E+00 a        16     0     1     1    16
  2.5371845824712764E+00 a        17     0     1     1    17
 -6.9882082462725013E+00 a        18     0     1     1    18
  1.5278272018901828E+00 a        19     0     1     1    19
 -5.1298470607436393E+00 a        20     0     1     1    20
 -1.7911014707326454E+00 a        21     0     1     1    21
  9.5668153366584530E-01 a        22     0     1     1    22
  1.7177989647848340E+00 a        23     0     1     1    23
  3.6904851719298644E+00 a        24     0     1     1    24
  9.2796862682680477E+00 a        25     0     1     1    25
 -1.8738861328662075E+00 a        26     0     2     1     1
 -9.1306619694620128E-01 a        27     0     2     1     2
 -6.6388612160517535E-01 a        28     0     2     1     3
  6.4045678036798259E-01 a        29     0     2     1     4
 -1.5863522408072483E-01 a        30     0     2     1     5
 -2.8291775600327873E+00 a        31     0     2     1     6
  4.6610784870697924E-01 a        32     0     2     1     7
  1.2673220474637914E-01 a        33     0     2     1     8
 -2.1339979403541656E+00 a        34     0     2     1     9
  7.4386686369232624E-02 a        35     0     2     1    10
  1.5477394896551717E+00 a        36     0     2     1    11
 -2.3803373399060881E-01 a        37     0     2     1    12
  8.2946202444120362E-02 a        38     0     2     1    13
 -7.3325757363298416E-01 a        39     0     2     1    14
  5.8601202368033478E-01 a        40     0     2     1    15
 -1.6836032408652946E+00 a        41     0     2     1    16
 -1.7422913743968496E+00 a        42     0     2     1    17
  8.7070076253184681E-01 a        43     0     2     1    18
 -3.9378033657782324E-01 a        44     0     2     1    19
  7.9658287867091482E-01 a        45     0     2     1    20
  1.8916744095646940E+00 a        46     0     2     1    21
 -6.4702517118676217E-01 a        47     0     2     1    22
  1.0741818756817758E+00 a        48     0     2     1    23
 -7.4086402804685791E-01 a        49     0     2     1    24
 -1.4838499851446385E+00 a        50     0     2     1    25
 -4.9944032599606887E+00 a        51     0     3     1     1
 -1.8034837736595704E+00 a        52     0     3     1     2
  4.6108866404387555E-01 a        53     0     3     1     3
  1.2008273417759294E+00 a        54     0     3     1     4
  9.5547878912388040E-01 a        55     0     3     1     5
 -1.0453888385288563E+01 a        56     0     3     1     6
  1.0749076616330404E+00 a        57     0     3     1     7
  2.3628251933503014E-02 a        58     0     3     1     8
 -4.7999378343315557E+00 a        59     0     3     1     9
 -7.4017946361295095E-01 a        60     0     3     1    10
  2.7788897211300858E+00 a        61     0     3     1    11
  6.4264509933236991E-01 a        62     0     3     1    12
 -6.8147970219155432E-03 a        63     0     3     1    13
  2.4764788669862643E+00 a        64     0     3     1    14
  8.4455007151694517E-01 a        65     0     3     1    15
 -5.2768182194791766E+00 a        66     0     3     1    16
 -3.2484778823755116E+00 a        67     0     3     1    17
  4.9739623094846790E+00 a        68     0     3     1    18
 -1.1902576157229097E+00 a        69     0     3     1    19
  3.6847993613509789E+00 a        70     0     3     1    20
  3.2304368006871096E+00 a        71     0     3     1    21
 -1.6557339570848104E+00 a        72     0     3     1    22
  9.9768143501470941E-01 a        73     0     3     1    23
 -3.1116888943625307E+00 a        74     0     3     1    24
 -6.6549713223487883E+00 a        75     0     3     1    25
 -1.5430246317681060E+00 a        76     0     4     1     1
  3.8331023817508560E+00 a        77     0     4     1     2
  2.7608755110940075E+00 a        78     0     4     1     3
  1.7146727901706973E-01 a        79     0     4     1     4
  7.6741398930578208E-01 a        80     0     4     1     5
 -5.3602699527111746E+00 a        81     0     4     1     6
 -1.2285059748039717E+00 a        82     0     4     1     7
  1.5421404481352015E+00 a        83     0     4     1     8
 -4.1967934907929805E-01 a        84     0     4     1     9
 -2.2653069662558209E-01 a        85     0     4     1    10
 -7.9573594626941579E-01 a        86     0     4     1    11
 -1.6673367172287696E+00 a        87     0     4     1    12
 -1.3131901161403310E+00 a        88     0     4     1    13
  5.3717372856344294E+00 a        89     0     4     1    14
 -1.7795061574608944E+00 a        90     0     4     1    15
 -2.3549891302018411E+00 a        91     0     4     1    16
 -8.9383370936391326E-01 a        92     0     4     1    17
  3.3008581952349028E+00 a        93     0     4     1    18
 -1.1331241203483884E+00 a        94     0     4     1    19
  2.5582501503235879E+00 a        95     0     4     1    20
 -1.8125080887922314E+00 a        96     0     4     1    21
  1.9379795484390654E+00 a        97     0     4     1    22
 -4.4576253346540602E+00 a        98     0     4     1    23
  1.4026344225035960E+00 a        99     0     4     1    24
 -6.9146502738354183E+00 a       100     0     4     1    25
  3.7458118465227894E+00 a       101     0     5     1     1
 -2.5067101079708785E+00 a       102     0     5     1     2
 -1.6036742230560173E+00 a       103     0     5     1     3
 -2.4075439819194009E+00 a       104     0     5     1     4
  3.4827650488186929E-01 a       105     0     5     1     5
  6.9285488565010969E+00 a       106     0     5     1     6
 -7.0611503760757210E-01 a       107     0     5     1     7
 -2.2051942186300533E+00 a       108     0     5     1     8
  4.1007281159524887E+00 a       109     0     5     1     9
  1.4354252174516665E-02 a       110     0     5     1    10
 -3.3661614984952966E+00 a       111     0     5     1    11
  3.4782148792935645E+00 a       112     0     5     1    12
  2.5431022200426296E+00 a       113     0     5     1    13
  7.7501735957092621E-01 a       114     0     5     1    14
 -6.9894762235728081E-01 a       115     0     5     1    15
  5.2193568396133081E+00 a       116     0     5     1    16
  6.2744110041781749E+00 a       117     0     5     1    17
 -3.4201536934532824E+00 a       118     0     5     1    18
  2.8032757597980589E+00 a       119     0     5     1    19
 -3.7867319170468954E+00 a       120     0     5     1    20
 -7.0020275250330777E-01 a       121     0     5     1    21
 -1.7909050382259766E+00 a       122     0     5     1    22
  2.8408198809005789E+00 a       123     0     5     1    23
 -9.7578370120251012E-01 a       124     0     5     1    24
  8.2301352725446542E+00 a       125     0     5     1    25
 -1.4827280787174451E+00 a       126     0     6     1     1
  4.4809515412744738E-01 a       127     0     6     1     2
  5.1286911203583740E-01 a       128     0     6     1     3
  1.8550095829163145E+00 a       129     0     6     1     4
 -1.0129466015358919E+00 a       130     0     6     1     5
 -3.1255830123021950E+00 a       131     0     6     1     6
  6.2546208444698159E-01 a       132     0     6     1     7
  1.0556226470242109E+00 a       133     0     6     1     8
 -2.7314827515403333E+00 a       134     0     6     1     9
 -5.6348740123070618E-01 a       135     0     6     1    10
  2.4389461660777179E+00 a       136     0     6     1    11
 -1.5934576632427073E+00 a       137     0     6     1    12
 -1.3987295003454521E+00 a       138     0     6     1    13
 -2.3977869094000521E+00 a       139     0     6     1    14
  1.3052723753597797E+00 a       140     0     6     1    15
 -1.7539394985531784E+00 a       141     0     6     1    16
 -2.8371898220295435E+00 a       142     0     6     1    17
  1.0248396882297262E+00 a       143     0     6     1    18
 -1.7320072119073016E+00 a       144     0     6     1    19
  2.2609452619523793E+00 a       145     0     6     1    20
  9.2588728415813926E-01 a       146     0     6     1    21
  4.9749833850385250E-01 a       147     0     6     1    22
 -1.0149729402818339E+00 a       148     0     6     1    23
 -4.0768093799158228E-01 a       149     0     6     1    24
 -2.5398036576880965E+00 a       150     0     6     1    25
 -2.5340400959651007E-02 a       151     0     7     1     1
 -1.8409635182772893E-01 a       152     0     7     1     2
  4.7737049466267292E-02 a       153     0     7     1     3
 -5.5816711400407815E-01 a       154     0     7     1     4
  1.9608351613729438E-01 a       155     0     7     1     5
  7.8712607324503325E-01 a       156     0     7     1     6
 -7.4303704617887961E-02 a       157     0     7     1     7
 -3.2307836292208819E-01 a       158     0     7     1     8
  4.6053777859620632E-01 a       159     0     7     1     9
  2.8226082795609542E-01 a       160     0     7     1    10
 -7.2044807605292882E-01 a       161     0     7     1    11
  2.8043904443222312E-01 a       162     0     7     1    12
  5.0847901831391917E-01 a       163     0     7     1    13
  5.2893501000372267E-01 a       164     0     7     1    14
 -3.8039893758388732E-01 a       165     0     7     1    15
  1.3073367356960208E-01 a       166     0     7     1    16
  2.9906624203334153E-01 a       167     0     7     1    17
 -1.6527699294487427E-01 a       168     0     7     1    18
  1.4525498074935062E-01 a       169     0     7     1    19
 -4.7109761294299451E-01 a       170     0     7     1    20
 -3.4280123226553066E-01 a       171     0     7     1    21
  7.6402258921388091E-02 a       172     0     7     1    22
 -1.7410199092875603E-01 a       173     0     7     1    23
  2.3314662405965333E-01 a       174     0     7     1    24
  2.5128962684004602E-01 a       175     0     7     1    25
  1.2700277721079492E-01 a       176     0     8     1     1
  1.0008750182773350E-01 a       177     0     8     1     2
 -4.5374810158946156E-02 a       178     0     8     1     3
 -1.4458607900671947E-02 a       179     0     8     1     4
 -6.0671729145345497E-03 a       180     0     8     1     5
 -2.1415526511546240E-02 a       181     0     8     1     6
 -2.8912477021922584E-02 a       182     0     8     1     7
 -5.3285297561789340E-02 a       183     0     8     1     8
  7.3988076991732654E-02 a       184     0     8     1     9
 -4.6476314834401421E-02 a       185     0     8     1    10
  1.1054723294669735E-01 a       186     0     8     1    11
 -3.1362428725477419E-02 a       187     0     8     1    12
  7.0208941808938871E-02 a       188     0     8     1    13
 -1.0120373074414281E-01 a       189     0     8     1    14
 -7.6190965713793690E-02 a       190     0     8     1    15
  6.9799511786778887E-02 a       191     0     8     1    16
 -2.6056427713512052E-02 a       192     0     8     1    17
 -7.8316787111588643E-03 a       193     0     8     1    18
  1.0166925301144970E-01 a       194     0     8     1    19
 -4.4604990774984990E-02 a       195     0     8     1    20
  1.9570375861726282E-02 a       196     0     8     1    21
  1.0853557970450595E-02 a       197     0     8     1    22
  7.0302380869199974E-02 a       198     0     8     1    23
  9.0334442339562643E-02 a       199     0     8     1    24
  1.3727835999119531E-01 a       200     0     8     1    25
 -6.3918211422853866E-02 a       201     0     9     1     1
  1.4642076593581412E+00 a       202     0     9     1     2
 -3.0066596206669125E+00 a       203     0     9     1     3
 -1.3813130544340559E+00 a       204     0     9     1     4
  1.2522117977135532E+00 a       205     0     9     1     5
  5.5686044030483228E-01 a       206     0     9     1     6
  8.7234823873435019E-01 a       207     0     9     1     7
 -7.1825419132860824E-01 a       208     0     9     1     8
  4.1351810243516836E+00 a       209     0     9     1     9
  1.1936442425800819E+00 a       210     0     9     1    10
 -4.3865640545578355E+00 a       211     0     9     1    11
 -4.8652331752045495E-02 a       212     0     9     1    12
  1.9953045067045108E+00 a       213     0     9     1    13
  1.3046547098202073E+00 a       214     0     9     1    14
  9.1081921590522263E-01 a       215     0     9     1    15
  6.3077083003241450E+00 a       216     0     9     1    16
  3.1390420452162222E+00 a       217     0     9     1    17
 -1.4444301682699245E+00 a       218     0     9     1    18
 -1.2160210992728273E+00 a       219     0     9     1    19
 -3.0758712135999962E+00 a       220     0     9     1    20
 -2.8241722228360131E+00 a       221     0     9     1    21
 -4.0690215528337141E+00 a       222     0     9     1    22
 -7.3923168256123883E-02 a       223     0     9     1    23
 -1.0672308748145181E+00 a       224     0     9     1    24
  1.5733400022609412E+00 a       225     0     9     1    25
 -1.3152131420094657E+00 a       226     0    10     1     1
 -5.2117345390816867E+00 a       227     0    10     1     2
  1.1115243231764727E+00 a       228     0    10     1     3
  8.4994692292378560E-01 a       229     0    10     1     4
  5.9130404043768192E-01 a       230     0    10     1     5
 -5.5949549915563876E+00 a       231     0    10     1     6
  4.5313393471822166E-01 a       232     0    10     1     7
 -2.9704940129405438E-01 a       233     0    10     1     8
 -1.8632614967779184E+00 a       234     0    10     1     9
 -1.6556358291605933E+00 a       235     0    10     1    10
  1.5741871464434959E-01 a       236     0    10     1    11
  1.2466827823192619E+00 a       237     0    10     1    12
 -7.1975977959669057E-01 a       238     0    10     1    13
  1.8427381242528953E+00 a       239     0    10     1    14
 -6.1942937843521295E-01 a       240     0    10     1    15
 -2.9371746842268753E+00 a       241     0    10     1    16
  7.3619117211234841E-01 a       242     0    10     1    17
  3.9483846266054887E+00 a       243     0    10     1    18
 -1.5572709911318369E-01 a       244     0    10     1    19
  3.1932687027524822E+00 a       245     0    10     1    20
  1.6563073472842613E+00 a       246     0    10     1    21
 -2.9583228521755318E+00 a       247     0    10     1    22
 -1.1307862995411573E-01 a       248     0    10     1    23
 -2.6071098656929292E+00 a       249     0    10     1    24
 -3.1369908420063801E+00 a       250     0    10     1    25
  3.9938170671574400E+00 a       251     0    11     1     1
  4.6321717966402858E+00 a       252     0    11     1     2
  3.8022211097989986E+00 a       253     0    11     1     3
  1.9494067711588572E+00 a       254     0    11     1     4
 -1.1611402550622154E+00 a       255     0    11     1     5
  5.1214839305053594E+00 a       256     0    11     1     6
 -1.8351431117318036E+00 a       257     0    11     1     7
 -9.7047096767979346E-02 a       258     0    11     1     8
  3.2525922023031700E-01 a       259     0    11     1     9
 -1.1127646461454939E+00 a       260     0    11     1    10
  1.4264673982061651E+00 a       261     0    11     1    11
  1.4677111053467987E-01 a       262     0    11     1    12
 -3.3863676224737729E+00 a       263     0    11     1    13
 -1.8576852447029903E+00 a       264     0    11     1    14
 -2.8565630017408012E+00 a       265     0    11     1    15
 -3.8720430991219734E+00 a       266     0    11     1    16
 -3.3404719682234678E-02 a       267     0    11     1    17
 -6.3696657928937972E-02 a       268     0    11     1    18
  8.6145346198044659E-01 a       269     0    11     1    19
  1.4578621046620555E+00 a       270     0    11     1    20
  2.2019252941106449E+00 a       271     0    11     1    21
  6.4591387714242519E+00 a       272     0    11     1    22
 -2.2478227627212739E+00 a       273     0    11     1    23
  3.8487327708394243E+00 a       274     0    11     1    24
  2.7354282925467741E+00 a       275     0    11     1    25
  3.5070496220809035E+00 a       276     0    12     1     1
 -6.4335892165953079E-01 a       277     0    12     1     2
 -1.1225935002935326E-03 a       278     0    12     1     3
 -2.5805638669073789E+00 a       279     0    12     1     4
 -8.4408895876931433E-01 a       280     0    12     1     5
  5.8135925219515219E+00 a       281     0    12     1     6
 -1.6825345955077347E+00 a       282     0    12     1     7
  2.3435154709362580E+00 a       283     0    12     1     8
 -2.7988924129747579E+00 a       284     0    12     1     9
 -1.1029367096461944E+00 a       285     0    12     1    10
  2.1010684441530727E+00 a       286     0    12     1    11
  6.7373862246982261E+00 a       287     0    12     1    12
 -1.9462457483865940E+00 a       288     0    12     1    13
 -2.8151531703552495E+00 a       289     0    12     1    14
 -2.0133327797505123E+00 a       290     0    12     1    15
  5.1047586684007538E+00 a       291     0    12     1    16
  7.4813615072984818E-01 a       292     0    12     1    17
 -6.1259304406283066E-01 a       293     0    12     1    18
  2.6563892284495929E+00 a       294     0    12     1    19
  3.8626694912779223E+00 a       295     0    12     1    20
 -1.0136595865703943E+00 a       296     0    12     1    21
  7.3492690040416546E+00 a       297     0    12     1    22
 -6.7776699581952526E-01 a       298     0    12     1    23
  3.0652752564800161E+00 a       299     0    12     1    24
 -1.9188182492997368E+00 a       300     0    12     1    25
 -2.2609751934967477E+00 a       301     0    13     1     1
  3.0332767303816649E-02 a       302     0    13     1     2
  9.3838284975792874E-01 a       303     0    13     1     3
 -1.1064350642323397E+00 a       304     0    13     1     4
 -7.2016976071388072E-02 a       305     0    13     1     5
 -2.0174292606165016E+00 a       306     0    13     1     6
 -1.0240924933861426E+00 a       307     0    13     1     7
 -4.1671719007142255E-01 a       308     0    13     1     8
 -1.1217024597393594E+00 a       309     0    13     1     9
  8.7019209862113533E-01 a       310     0    13     1    10
 -5.9394557404557269E-01 a       311     0    13     1    11
 -1.4609856623318112E+00 a       312     0    13     1    12
  1.0939773627618583E+00 a       313     0    13     1    13
  2.3405832422507302E+00 a       314     0    13     1    14
  1.3760216938816858E-01 a       315     0    13     1    15
 -6.4459710775599499E-01 a       316     0    13     1    16
 -1.0957210794779910E+00 a       317     0    13     1    17
 -1.2688752231205351E+00 a       318     0    13     1    18
  7.2262281129716377E-01 a       319     0    13     1    19
  5.0661021809037421E-01 a       320     0    13     1    20
  2.4005565485837957E-01 a       321     0    13     1    21
 -1.9788209599615525E-01 a       322     0    13     1    22
  3.8856940037482118E-01 a       323     0    13     1    23
  6.7755046722178636E-01 a       324     0    13     1    24
 -4.3077688906354039E-01 a       325     0    13     1    25
 -8.9632983966944408E+00 a       326     0    14     1     1
  9.4946233941044622E-01 a       327     0    14     1     2
  1.3554769590333491E+00 a       328     0    14     1     3
  1.7471458053078590E-01 a       329     0    14     1     4
  1.0817294498088939E+00 a       330     0    14     1     5
 -9.5507482480653856E+00 a       331     0    14     1     6
  9.7232292625870718E-03 a       332     0    14     1     7
 -3.5933236616158939E+00 a       333     0    14     1     8
 -2.6413028034313291E-01 a       334     0    14     1     9
  1.2621304768221004E+00 a       335     0    14     1    10
 -1.9676208189944937E+00 a       336     0    14     1    11
 -6.9649820040137120E+00 a       337     0    14     1    12
  3.8727727803076499E+00 a       338     0    14     1    13
  7.0749109632516483E+00 a       339     0    14     1    14
  1.2273549163771873E+00 a       340     0    14     1    15
 -7.3439097392925365E+00 a       341     0    14     1    16
 -1.8036583388061322E+00 a       342     0    14     1    17
  7.5967131713466007E-01 a       343     0    14     1    18
 -1.5340910750617367E+00 a       344     0    14     1    19
 -1.6003889590683782E+00 a       345     0    14     1    20
  2.3423791835026457E+00 a       346     0    14     1    21
 -7.9678108437095192E+00 a       347     0    14     1    22
  2.6690281512746346E+00 a       348     0    14     1    23
 -3.3582005170161815E+00 a       349     0    14     1    24
  4.4913942467538781E-01 a       350     0    14     1    25
  2.6340466361698267E+00 a       351     0    15     1     1
  1.2121253402209908E+00 a       352     0    15     1     2
 -4.6088392666003717E+00 a       353     0    15     1     3
 -1.8108771028827455E+00 a       354     0    15     1     4
  1.2531600215003775E+00 a       355     0    15     1     5
  9.7318411031025875E-01 a       356     0    15     1     6
  2.4980865779334973E+00 a       357     0    15     1     7
  4.9106419673149659E+00 a       358     0    15     1     8
  7.3588394227931542E-01 a       359     0    15     1     9
 -5.6714616600696455E-01 a       360     0    15     1    10
  2.4274367527939038E+00 a       361     0    15     1    11
 -9.2941943365929380E-01 a       362     0    15     1    12
 -9.7898154973768914E-01 a       363     0    15     1    13
 -3.7490833377822161E+00 a       364     0    15     1    14
  2.7892968075353308E+00 a       365     0    15     1    15
  2.6863198611154311E+00 a       366     0    15     1    16
 -1.4485075584786136E+00 a       367     0    15     1    17
 -1.4762281509458366E+00 a       368     0    15     1    18
 -1.6584756863605046E-01 a       369     0    15     1    19
 -2.3676046276165961E+00 a       370     0    15     1    20
 -4.1632303897429992E+00 a       371     0    15     1    21
  2.9997123710434699E+00 a       372     0    15     1    22
  1.8561790094161748E+00 a       373     0    15     1    23
 -2.2532715973107784E+00 a       374     0    15     1    24
  3.1540676408282553E+00 a       375     0    15     1    25
 -1.3474989993883706E+00 a       376     0    16     1     1
 -4.6882264029083043E+00 a       377     0    16     1     2
 -3.4528851639351987E-01 a       378     0    16     1     3
 -6.9507707839479316E-01 a       379     0    16     1     4
 -2.5319815003320961E-01 a       380     0    16     1     5
 -2.0826294637568434E+00 a       381     0    16     1     6
  5.9258426944401332E-01 a       382     0    16     1     7
  8.9676251171939203E-01 a       383     0    16     1     8
 -2.0096164775296583E+00 a       384     0    16     1     9
 -4.0863252753028334E-01 a       385     0    16     1    10
  9.1317218447741044E-01 a       386     0    16     1    11
  1.2879308080403076E-01 a       387     0    16     1    12
  5.1922849468627219E-01 a       388     0    16     1    13
 -3.5706432316169018E-01 a       389     0    16     1    14
  8.7914261839738261E-01 a       390     0    16     1    15
 -1.1842608306310420E+00 a       391     0    16     1    16
 -1.6225761340151086E+00 a       392     0    16     1    17
  1.2043225292600814E+00 a       393     0    16     1    18
 -5.7976842647511562E-01 a       394     0    16     1    19
  1.2212610595252646E+00 a       395     0    16     1    20
  3.5963047709235618E-01 a       396     0    16     1    21
 -1.6341532591027648E+00 a       397     0    16     1    22
  5.6743582728470932E-01 a       398     0    16     1    23
 -1.8071463203703475E+00 a       399     0    16     1    24
 -1.9289471664736322E+00 a       400     0    16     1    25
 -2.5692003639914529E+00 a       401     0    17     1     1
  2.9875473812126447E+00 a       402     0    17     1     2
  3.1949036419371555E+00 a       403     0    17     1     3
  5.9581945129085456E-01 a       404     0    17     1     4
 -1.1034621167721212E+00 a       405     0    17     1     5
  1.7957391371904468E+00 a       406     0    17     1     6
 -2.1284610276272655E+00 a       407     0    17     1     7
 -4.9703441805838304E+00 a       408     0    17     1     8
 -6.5919791834779717E-01 a       409     0    17     1     9
  2.1288181103067738E+00 a       410     0    17     1    10
 -1.2456997475438427E+00 a       411     0    17     1    11
 -9.3723199882918129E-01 a       412     0    17     1    12
  1.8763485322700544E+00 a       413     0    17     1    13
  2.1336950233750906E+00 a       414     0    17     1    14
 -1.9553722051410019E+00 a       415     0    17     1    15
 -1.4868714727229759E+00 a       416     0    17     1    16
 -2.5228673097850085E-01 a       417     0    17     1    17
 -1.4114078604531510E+00 a       418     0    17     1    18
 -2.3425583109328438E-01 a       419     0    17     1    19
 -4.6747426109867596E-01 a       420     0    17     1    20
  2.8004068933391766E+00 a       421     0    17     1    21
 -6.3443994539987814E-01 a       422     0    17     1    22
 -1.3301650002300889E+00 a       423     0    17     1    23
  4.1883161119785735E+00 a       424     0    17     1    24
 -2.2756696788564170E+00 a       425     0    17     1    25
  6.0671524767131124E-01 a       426     0    18     1     1
  1.2174435110743719E+01 a       427     0    18     1     2
  2.5372902616045727E+00 a       428     0    18     1     3
  6.0134904551483526E-01 a       429     0    18     1     4
  1.8857086077974947E+00 a       430     0    18     1     5
  3.1882922771377764E+00 a       431     0    18     1     6
  6.6267954503917770E-01 a       432     0    18     1     7
 -1.3172012195874698E+00 a       433     0    18     1     8
  4.7874610557021077E-03 a       434     0    18     1     9
  3.3398287908712865E+00 a       435     0    18     1    10
  3.5000497644532946E+00 a       436     0    18     1    11
  5.7229565298071572E+00 a       437     0    18     1    12
  1.3214900991353826E-01 a       438     0    18     1    13
  2.3788684104433244E+00 a       439     0    18     1    14
 -1.8032566434998727E+00 a       440     0    18     1    15
  2.1671274745475060E+00 a       441     0    18     1    16
  3.9149356195610330E+00 a       442     0    18     1    17
 -7.9538131052114591E-01 a       443     0    18     1    18
 -1.8482384072010956E+00 a       444     0    18     1    19
 -5.4366156507289443E+00 a       445     0    18     1    20
  1.0147343565759128E+00 a       446     0    18     1    21
  7.2354650942741880E+00 a       447     0    18     1    22
 -2.5957332390445007E+00 a       448     0    18     1    23
  7.9257872415840929E+00 a       449     0    18     1    24
  2.3641879263198877E+00 a       450     0    18     1    25
  3.6300619074863540E+00 a       451     0    19     1     1
 -2.1045492090568403E+00 a       452     0    19     1     2
 -7.9916777261554406E-01 a       453     0    19     1     3
  1.1351041045362134E+00 a       454     0    19     1     4
 -2.4224774817326983E-01 a       455     0    19     1     5
  2.3164297156961702E+00 a       456     0    19     1     6
  1.5486069220220586E+00 a       457     0    19     1     7
  7.1115194636281716E-03 a       458     0    19     1     8
  1.2580402943836719E+00 a       459     0    19     1     9
 -1.1201276530536506E+00 a       460     0    19     1    10
  4.9275699322637623E-01 a       461     0    19     1    11
  9.0701887787252677E-01 a       462     0    19     1    12
 -8.9845420082569671E-01 a       463     0    19     1    13
 -2.8844748967335412E+00 a       464     0    19     1    14
  1.6662214391123328E-01 a       465     0    19     1    15
  1.5849013468416735E+00 a       466     0    19     1    16
  4.8765762996885997E-01 a       467     0    19     1    17
  5.8757443893955397E-01 a       468     0    19     1    18
 -1.0270651225658685E-01 a       469     0    19     1    19
 -1.1548882067928126E+00 a       470     0    19     1    20
 -9.9066096727910913E-01 a       471     0    19     1    21
  3.0052363439752600E-01 a       472     0    19     1    22
 -1.2722034026974935E+00 a       473     0    19     1    23
 -1.1624719148107638E+00 a       474     0    19     1    24
  1.0123317697206200E+00 a       475     0    19     1    25
  6.9213944875115043E+00 a       476     0    20     1     1
 -9.4917067813028950E+00 a       477     0    20     1     2
 -4.4489641371949418E+00 a       478     0    20     1     3
  1.4177377480691411E+00 a       479     0    20     1     4
 -2.2138139393288956E+00 a       480     0    20     1     5
  3.9017325095679753E+00 a       481     0    20     1     6
  2.5241323601005576E+00 a       482     0    20     1     7
  1.2367008873320726E+00 a       483     0    20     1     8
  4.3841446236543202E+00 a       484     0    20     1     9
 -4.7191522765660476E+00 a       485     0    20     1    10
 -2.6448469831203867E+00 a       486     0    20     1    11
 -2.2408632571316245E+00 a       487     0    20     1    12
 -2.2408123715706081E+00 a       488     0    20     1    13
 -8.2087386256204447E+00 a       489     0    20     1    14
  2.2881577113947769E+00 a       490     0    20     1    15
  1.8603504761012046E+00 a       491     0    20     1    16
 -2.7854294444942180E+00 a       492     0    20     1    17
  1.9197947530218524E+00 a       493     0    20     1    18
  1.2897722135123018E+00 a       494     0    20     1    19
  1.5690240615562923E+00 a       495     0    20     1    20
 -3.2302998581415157E+00 a       496     0    20     1    21
 -4.5334538506321351E+00 a       497     0    20     1    22
  1.7805033624759670E-01 a       498     0    20     1    23
 -8.5103685982747272E+00 a       499     0    20     1    24
  5.0827195227410904E-01 a       500     0    20     1    25
  4.6727516086666299E+00 a       501     0    21     1     1
 -6.9102974833952180E+00 a       502     0    21     1     2
  5.6414922712634608E-01 a       503     0    21     1     3
  4.3005989505725815E+00 a       504     0    21     1     4
  2.8628423747592252E-01 a       505     0    21     1     5
 -1.5187350404950160E+00 a       506     0    21     1     6
 -1.9354372244002715E+00 a       507     0    21     1     7
  4.1113417682366098E+00 a       508     0    21     1     8
  7.9751504609689861E-01 a       509     0    21     1     9
  1.7681113682703617E+00 a       510     0    21     1    10
 -5.9767584719037483E+00 a       511     0    21     1    11
 -7.5603194085449097E+00 a       512     0    21     1    12
  2.1266080143327604E+00 a       513     0    21     1    13
  3.6299098818655290E-01 a       514     0    21     1    14
 -7.2042210527936346E-01 a       515     0    21     1    15
 -2.8388292714904924E+00 a       516     0    21     1    16
  1.7574720571943903E+00 a       517     0    21     1    17
 -6.5406873336219542E+00 a       518     0    21     1    18
  7.8938557204010573E+00 a       519     0    21     1    19
 -1.3616061571160150E+00 a       520     0    21     1    20
 -4.7938514349465855E+00 a       521     0    21     1    21
 -3.9796583552512614E+00 a       522     0    21     1    22
  1.9141035729473217E+00 a       523     0    21     1    23
 -3.2353060356991752E+00 a       524     0    21     1    24
  6.9916451677579206E+00 a       525     0    21     1    25
 -1.9652209846087021E+00 a       526     0    22     1     1
 -6.5672142700758558E+00 a       527     0    22     1     2
  8.0755649543064767E-01 a       528     0    22     1     3
  2.8439378638714263E-01 a       529     0    22     1     4
 -8.5313699669199314E-02 a       530     0    22     1     5
 -4.7087519868189665E+00 a       531     0    22     1     6
 -4.5617531414227996E-01 a       532     0    22     1     7
  1.1799426364636016E+00 a       533     0    22     1     8
 -2.2427543788243058E+00 a       534     0    22     1     9
 -1.3058267055844415E+00 a       535     0    22     1    10
 -1.3303859364552448E-01 a       536     0    22     1    11
 -3.0554982115143187E-01 a       537     0    22     1    12
  1.0311739582847994E-01 a       538     0    22     1    13
  1.4332589500016999E+00 a       539     0    22     1    14
  2.9781613905695398E-01 a       540     0    22     1    15
 -2.2576431783170623E+00 a       541     0    22     1    16
 -4.6336799774456072E-01 a       542     0    22     1    17
  1.4008106655332284E+00 a       543     0    22     1    18
  6.0403805840933333E-01 a       544     0    22     1    19
  3.0417868649405344E+00 a       545     0    22     1    20
  9.3642631855093550E-01 a       546     0    22     1    21
 -3.6740280617318128E+00 a       547     0    22     1    22
  7.0475270870774487E-01 a       548     0    22     1    23
 -2.2078210212979150E+00 a       549     0    22     1    24
 -2.3140765450040610E+00 a       550     0    22     1    25
 -6.9886877734781114E+00 a       551     0    23     1     1
  1.2210262809454324E+01 a       552     0    23     1     2
 -5.3559515527225454E-01 a       553     0    23     1     3
 -4.6179068674129260E+00 a       554     0    23     1     4
  3.1181013950356384E-01 a       555     0    23     1     5
  2.4606283821736765E+00 a       556     0    23     1     6
 -1.2892297089463842E-01 a       557     0    23     1     7
 -4.0750751341790741E+00 a       558     0    23     1     8
 -4.3390195403610854E-01 a       559     0    23     1     9
  5.2290165879514117E-01 a       560     0    23     1    10
  5.2032184424794927E+00 a       561     0    23     1    11
  6.3100408104511736E+00 a       562     0    23     1    12
 -2.7572488349788631E+00 a       563     0    23     1    13
  1.1235022643865153E+00 a       564     0    23     1    14
  3.0727757689945362E-01 a       565     0    23     1    15
  2.4954597092528017E+00 a       566     0    23     1    16
 -1.4414409645129156E+00 a       567     0    23     1    17
  4.0641672514044060E+00 a       568     0    23     1    18
 -7.7084178755115156E+00 a       569     0    23     1    19
  9.8770154456168324E-01 a       570     0    23     1    20
  4.3651213812570475E+00 a       571     0    23     1    21
  5.9323170458379915E+00 a       572     0    23     1    22
 -6.0833058732691836E-01 a       573     0    23     1    23
  6.1868730999333996E+00 a       574     0    23     1    24
 -6.9261821912684711E+00 a       575     0    23     1    25
  1.7740824828113211E+00 a       576     0    24     1     1
  2.4486637771562689E+00 a       577     0    24     1     2
  2.4917233170856576E+00 a       578     0    24     1     3
 -8.8058134209824446E-01 a       579     0    24     1     4
  1.4653921952250255E+00 a       580     0    24     1     5
 -1.8000836154797608E+00 a       581     0    24     1     6
 -2.3709230432792054E+00 a       582     0    24     1     7
 -1.4534442697829947E-01 a       583     0    24     1     8
  1.0125733147773877E+00 a       584     0    24     1     9
  3.7898089982039860E+00 a       585     0    24     1    10
 -4.3507641341704906E-01 a       586     0    24     1    11
 -2.3751343585761191E+00 a       587     0    24     1    12
  1.4518979281039566E+00 a       588     0    24     1    13
  2.9809978189256761E+00 a       589     0    24     1    14
 -1.0507450693381846E+00 a       590     0    24     1    15
 -1.1053934016241582E+00 a       591     0    24     1    16
  1.6163426165436856E+00 a       592     0    24     1    17
 -2.0478655727721500E+00 a       593     0    24     1    18
  4.0503219486331385E+00 a       594     0    24     1    19
 -2.9938645971847748E+00 a       595     0    24     1    20
  1.4296020749227416E+00 a       596     0    24     1    21
 -1.7399529097579640E+00 a       597     0    24     1    22
  1.4551111321474914E+00 a       598     0    24     1    23
  3.1555453312515502E-01 a       599     0    24     1    24
 -1.6797477822417122E+00 a       600     0    24     1    25
 -2.0994173497989297E+00 a       601     0    25     1     1
 -4.4127074619968356E+00 a       602     0    25     1     2
 -4.8670002951758793E+00 a       603     0    25     1     3
  1.8511160499303838E+00 a       604     0    25     1     4
 -1.6178190608219076E+00 a       605     0    25     1     5
  2.8437607109815501E+00 a       606     0    25     1     6
  4.1807642257423874E+00 a       607     0    25     1     7
  9.2330792143885132E-01 a       608     0    25     1     8
 -1.2755256982755738E+00 a       609     0    25     1     9
 -6.5008861033767253E+00 a       610     0    25     1    10
  6.6469708200524702E-01 a       611     0    25     1    11
  4.1290460429600868E+00 a       612     0    25     1    12
 -2.3636108774871514E+00 a       613     0    25     1    13
 -4.7011361327598529E+00 a       614     0    25     1    14
  1.2707687528156006E+00 a       615     0    25     1    15
  2.8134460093340232E+00 a       616     0    25     1    16
 -2.3915028118741546E+00 a       617     0    25     1    17
  3.7166343740811021E+00 a       618     0    25     1    18
 -6.3960372011880544E+00 a       619     0    25     1    19
  5.2958105959220338E+00 a       620     0    25     1    20
 -2.5905787680020702E+00 a       621     0    25     1    21
  3.0900443327528762E+00 a       622     0    25     1    22
 -1.5532525149539207E+00 a       623     0    25     1    23
 -1.4879247613879590E-01 a       624     0    25     1    24
  3.0771696384038481E+00 a       625     0    25     1    25
  5.7421323514759059E-01 a       626     0    26     1     1
  2.0333508500021615E+00 a       627     0    26     1     2
  2.3826033454461997E+00 a       628     0    26     1     3
 -9.1971413211879560E-01 a       629     0    26     1     4
  3.1847315556720734E-01 a       630     0    26     1     5
 -1.1333999216492607E+00 a       631     0    26     1     6
 -1.8895676095028340E+00 a       632     0    26     1     7
 -7.4021470150904423E-01 a       633     0    26     1     8
  3.5147259958324661E-01 a       634     0    26     1     9
  2.7516126987404257E+00 a       635     0    26     1    10
 -2.1213257252972456E-01 a       636     0    26     1    11
 -1.7965994867213100E+00 a       637     0    26     1    12
  1.0830733403861419E+00 a       638     0    26     1    13
  1.8633139928828855E+00 a       639     0    26     1    14
 -3.7830848409663048E-01 a       640     0    26     1    15
 -1.6353379344241796E+00 a       641     0    26     1    16
  9.7406622899052164E-01 a       642     0    26     1    17
 -1.7645232120930339E+00 a       643     0    26     1    18
  2.5943863939033465E+00 a       644     0    26     1    19
 -2.4236201141412956E+00 a       645     0    26     1    20
  1.2173274406043160E+00 a       646     0    26     1    21
 -1.4027190357446844E+00 a       647     0    26     1    22
  2.3648069735441754E-01 a       648     0    26     1    23
 -1.5915969976786368E-01 a       649     0    26     1    24
 -1.4569277656505255E+00 a       650     0    26     1    25
 -3.3079371700600025E-03 b       651     1     1
 -9.4078687256684357E-01 b       652     1     2
 -1.0142703525222064E-03 b       653     1     3
  1.4801835651844938E-01 b       654     1     4
  1.5516267589325697E-01 b       655     1     5
 -1.4093197903185692E-01 b       656     1     6
  1.9226673895200658E-01 b       657     1     7
  1.7119375224916539E-01 b       658     1     8
 -1.3550320516725126E-01 b       659     1     9
 -3.2017396019789540E-01 b       660     1    10
 -3.9883434561690345E-01 b       661     1    11
  4.6504105212484964E-02 b       662     1    12
  7.8806296982776719E-03 b       663     1    13
 -2.0061613556353225E-01 b       664     1    14
 -1.2027918495574687E-01 b       665     1    15
 -2.0360167232706458E-01 b       666     1    16
  2.2414190108559943E-02 b       667     1    17
 -2.6355623028663445E-02 b       668     1    18
 -3.2579931241965211E-02 b       669     1    19
 -8.6471422055284089E-02 b       670     1    20
 -1.8253543631717395E-01 b       671     1    21
  1.1379198347907757E-02 b       672     1    22
 -9.7597874617974603E-02 b       673     1    23
  7.1837477697419189E-02 b       674     1    24
  7.0758523590449551E-01 b       675     1    25
  6.0999316878796610E-02 a       676     1     1     2     1
  7.1890231133482252E-01 a       677     1     1     2     2
  3.1682718851878303E-02 a       678     1     1     2     3
 -4.0509539462346089E-01 a       679     1     1     2     4
  3.9700011814037284E-01 a       680     1     1     2     5
 -8.6188820460261739E-01 a       681     1     1     2     6
 -3.7167953926219638E-01 a       682     1     1     2     7
 -2.0676810980649882E-01 a       683     1     1     2     8
  2.0013699070561816E-01 a       684     1     1     2     9
 -1.6889167846594881E-02 a       685     1     1     2    10
 -1.5600881651374676E-01 a       686     1     1     2    11
  2.4360617537293650E-01 a       687     1     1     2    12
 -7.8479095718862441E-02 a       688     1     1     2    13
 -1.1766724212245641E-01 a       689     1     1     2    14
  6.6682895235658834E-01 a       690     1     1     2    15
  1.4280041863628529E-01 a       691     1     1     2    16
  1.3992859828118470E-01 a       692     1     1     2    17
 -1.7021053112304740E-01 a       693     1     1     2    18
 -2.6219598517444687E-01 a       694     1     1     2    19
  1.6356786185745531E-01 a       695     1     1     2    20
 -2.8879681991481615E-01 a       696     1     1     2    21
 -2.5620786480977764E-01 a       697     1     1     2    22
 -6.8881873065491234E-02 a       698     1     1     2    23
  3.6991473113217982E-01 a       699     1     1     2    24
 -3.2597890215327947E-02 a       700     1     1     2    25
  4.5696543890606545E-01 a       701     1     2     2     1
  6.3988354200109332E-01 a       702     1     2     2     2
 -5.6877963140360954E-01 a       703     1     2     2     3
  5.8207133819590462E-01 a       704     1     2     2     4
  4.0626427740161036E-01 a       705     1     2     2     5
 -6.2643091204529799E-01 a       706     1     2     2     6
 -3.8465598992936900E-01 a       707     1     2     2     7
  6.5732040033989114E-01 a       708     1     2     2     8
 -1.7346087074998959E-01 a       709     1     2     2     9
 -2.8871393279426988E-01 a       710     1     2     2    10
 -5.2489173915633014E-01 a       711     1     2     2    11
  2.9929071261385391E-02 a       712     1     2     2    12
 -1.0105093222184092E+00 a       713     1     2     2    13
  1.7560973299909792E-02 a       714     1     2     2    14
 -3.6107280067588654E-01 a       715     1     2     2    15
 -2.3125774585105330E-01 a       716     1     2     2    16
 -2.7663320461778879E-01 a       717     1     2     2    17
  5.4345739093492584E-01 a       718     1     2     2    18
  3.0007890318971170E-01 a       719     1     2     2    19
  2.9587762955293362E-01 a       720     1     2     2    20
 -6.0876411215379420E-04 a       721     1     2     2    21
  1.3423330722573809E-01 a       722     1     2     2    22
  7.7954288925421700E-01 a       723     1     2     2    23
  2.8619791676775053E-01 a       724     1     2     2    24
 -1.5576091845262205E-01 a       725     1     2     2    25
 -6.2766144697154791E-01 a       726     1     3     2     1
 -6.4079746274590454E-02 a       727     1     3     2     2
 -6.5397007961135289E-01 a       728     1     3     2     3
 -3.1070080556515299E-02 a       729     1     3     2     4
  1.8282988491296609E-01 a       730     1     3     2     5
  6.6319281318655809E-01 a       731     1     3     2     6
 -8.0365775800438854E-02 a       732     1     3     2     7
 -7.5560760111586811E-01 a       733     1     3     2     8
  4.3271206463603401E-01 a       734     1     3     2     9
  7.1631282381847949E-01 a       735     1     3     2    10
 -2.1000306826277423E-01 a       736     1     3     2    11
  3.9569285043063035E-01 a       737     1     3     2    12
  2.7540490143484664E-01 a       738     1     3     2    13
 -2.2316578898605258E-01 a       739     1     3     2    14
 -3.9923064092196259E-01 a       740     1     3     2    15
 -4.1338883343562650E-02 a       741     1     3     2    16
 -3.5200655614940478E-02 a       742     1     3     2    17
 -1.3763847187371350E-01 a       743     1     3     2    18
 -2.3932540700330823E-02 a       744     1     3     2    19
  2.0569273930144899E-01 a       745     1     3     2    20
 -1.9514030428436546E-01 a       746     1     3     2    21
  1.0293026811088324E+00 a       747     1     3     2    22
 -3.3889248145860151E-01 a       748     1     3     2    23
  9.3061701215656822E-01 a       749     1     3     2    24
 -1.2285544052260679E-01 a       750     1     3     2    25
 -4.9700196955812410E-03 a       751     1     4     2     1
  6.6977532043682941E-01 a       752     1     4     2     2
  3.2669481255489180E-01 a       753     1     4     2     3
 -9.5079859118557419E-01 a       754     1     4     2     4
  1.7370735935280571E-01 a       755     1     4     2     5
 -2.5860734744745162E-01 a       756     1     4     2     6
  1.7114970128557322E-01 a       757     1     4     2     7
  8.3476761598888605E-01 a       758     1     4     2     8
  5.8272791759998097E-02 a       759     1     4     2     9
 -3.3755324765705186E-01 a       760     1     4     2    10
 -8.3328263060293589E-02 a       761     1     4     2    11
  8.0591441160295114E-03 a       762     1     4     2    12
 -4.0353163264444714E-01 a       763     1     4     2    13
  3.9174073804695614E-01 a       764     1     4     2    14
  7.6025077050830406E-02 a       765     1     4     2    15
  1.2126135689081939E-02 a       766     1     4     2    16
 -1.9690365406025305E-02 a       767     1     4     2    17
 -1.4840167757597658E-01 a       768     1     4     2    18
  2.3268220023991679E-02 a       769     1     4     2    19
  4.5720147847945945E-02 a       770     1     4     2    20
  1.2324202661633402E-01 a       771     1     4     2    21
  1.9110941291390157E-01 a       772     1     4     2    22
  1.0174637767274362E+00 a       773     1     4     2    23
  7.2528428380404186E-01 a       774     1     4     2    24
 -2.8484479616247869E-02 a       775     1     4     2    25
 -4.5461059005747040E-01 a       776     1     5     2     1
  2.1876631317575926E-01 a       777     1     5     2     2
  1.7821595968690493E-01 a       778     1     5     2     3
 -1.6981116377004829E-01 a       779     1     5     2     4
 -4.9754951080849336E-01 a       780     1     5     2     5
  2.9173514163063341E-01 a       781     1     5     2     6
  1.3155832125190764E-01 a       782     1     5     2     7
  4.4420435220926369E-01 a       783     1     5     2     8
 -3.7969382192093065E-01 a       784     1     5     2     9
  6.5956716978659125E-01 a       785     1     5     2    10
  1.5405114994370807E-03 a       786     1     5     2    11
 -2.0172575700794876E-01 a       787     1     5     2    12
  2.7452863213047851E-01 a       788     1     5     2    13
 -3.6556390567079389E-01 a       789     1     5     2    14
  9.3251961436800354E-02 a       790     1     5     2    15
 -5.1709960481300155E-01 a       791     1     5     2    16
  3.7215224456800727E-02 a       792     1     5     2    17
 -4.4542568345316245E-02 a       793     1     5     2    18
  2.4476813780414894E-01 a       794     1     5     2    19
 -1.7449096973648270E-01 a       795     1     5     2    20
  2.4624337121793746E-01 a       796     1     5     2    21
 -5.3996851925303813E-01 a       797     1     5     2    22
 -1.0106218678749586E-01 a       798     1     5     2    23
 -4.5843959065153422E-01 a       799     1     5     2    24
 -2.2811935553186477E-01 a       800     1     5     2    25
 -6.6273836062859415E-02 a       801     1     6     2     1
  3.3279929928681662E-01 a       802     1     6     2     2
 -5.1734095430383420E-01 a       803     1     6     2     3
 -2.6391230394235043E-01 a       804     1     6     2     4
  1.7626671080450745E-01 a       805     1     6     2     5
 -7.7486426540579201E-01 a       806     1     6     2     6
 -2.3545600816635429E-01 a       807     1     6     2     7
  6.5271269685771505E-01 a       808     1     6     2     8
 -4.6105172718852677E-01 a       809     1     6     2     9
 -9.3570345614298889E-02 a       810     1     6     2    10
  3.8608782456533808E-01 a       811     1     6     2    11
  1.5522669391812643E-01 a       812     1     6     2    12
  5.6504827317001072E-02 a       813     1     6     2    13
  5.4637953204395540E-01 a       814     1     6     2    14
  3.6817959497042685E-01 a       815     1     6     2    15
  1.3315434489477845E-01 a       816     1     6     2    16
  4.1418250253281680E-01 a       817     1     6     2    17
 -1.4629697734804681E-01 a       818     1     6     2    18
  2.0298971445553038E-01 a       819     1     6     2    19
 -1.4886626782569351E-01 a       820     1     6     2    20
 -3.1615059383917693E-01 a       821     1     6     2    21
  2.7240076789106510E-01 a       822     1     6     2    22
  2.8953384457377684E-01 a       823     1     6     2    23
  6.1095408472980084E-01 a       824     1     6     2    24
 -1.0690446786802095E-01 a       825     1     6     2    25
 -2.3875609842691536E-01 a       826     1     7     2     1
 -9.5572389625904350E-02 a       827     1     7     2     2
  6.8548970028965273E-01 a       828     1     7     2     3
 -5.7654290939781638E-02 a       829     1     7     2     4
 -2.8100969525996591E-03 a       830     1     7     2     5
  9.2070886361828708E-01 a       831     1     7     2     6
  4.5762047333517950E-02 a       832     1     7     2     7
  3.1410737474082973E-01 a       833     1     7     2     8
 -1.1227183591621695E-01 a       834     1     7     2     9
 -4.6107123120402838E-01 a       835     1     7     2    10
  1.9636249634866951E-01 a       836     1     7     2    11
 -3.0619718368802334E-01 a       837     1     7     2    12
  1.6898995232133981E-01 a       838     1     7     2    13
  5.4076684671538769E-02 a       839     1     7     2    14
  3.1768272147651527E-01 a       840     1     7     2    15
  2.1116893349186250E-01 a       841     1     7     2    16
  8.6753222753995968E-02 a       842     1     7     2    17
 -1.6493057681947892E-01 a       843     1     7     2    18
 -1.6697204595788223E-01 a       844     1     7     2    19
 -2.1468675551124589E-01 a       845     1     7     2    20
  3.6635164842669588E-01 a       846     1     7     2    21
 -5.1936135092675473E-01 a       847     1     7     2    22
 -6.6730244298597019E-01 a       848     1     7     2    23
 -7.7914713515524225E-01 a       849     1     7     2    24
 -5.9235282905760600E-01 a       850     1     7     2    25
  3.0989127051983495E-01 a       851     1     8     2     1
 -1.2191392393415110E-01 a       852     1     8     2     2
 -1.4801189074784366E-01 a       853     1     8     2     3
  7.0047814144478054E-02 a       854     1     8     2     4
  2.0168171999757248E-01 a       855     1     8     2     5
 -7.8018039733692229E-02 a       856     1     8     2     6
 -2.1959762786492448E-02 a       857     1     8     2     7
  4.3573790900469889E-01 a       858     1     8     2     8
  4.4970436859304269E-01 a       859     1     8     2     9
  4.7099551405593792E-01 a       860     1     8     2    10
 -8.3165531391412015E-02 a       861     1     8     2    11
  4.7085508262887203E-02 a       862     1     8     2    12
  6.2610465433656792E-01 a       863     1     8     2    13
 -1.6427183186073199E-01 a       864     1     8     2    14
  4.8584790850477305E-01 a       865     1     8     2    15
 -1.8437515832724294E-02 a       866     1     8     2    16
  5.5767592575787339E-01 a       867     1     8     2    17
  8.8509351228500982E-02 a       868     1     8     2    18
  1.1428902035514124E-03 a       869     1     8     2    19
 -1.7779306077688774E-02 a       870     1     8     2    20
 -2.9657010114073273E-01 a       871     1     8     2    21
  7.7244133234096490E-01 a       872     1     8     2    22
  9.1917416527904994E-01 a       873     1     8     2    23
 -7.7184877483633652E-01 a       874     1     8     2    24
  5.8173698351185366E-01 a       875     1     8     2    25
  4.0191906904694991E-01 a       876     1     9     2     1
  1.0981184736519274E-01 a       877     1     9     2     2
  3.4772228450781728E-01 a       878     1     9     2     3
 -6.5652977861087081E-01 a       879     1     9     2     4
 -6.0410766642423917E-02 a       880     1     9     2     5
  1.2629553812671951E-01 a       881     1     9     2     6
 -4.9944276514618052E-02 a       882     1     9     2     7
 -9.3438057237808875E-02 a       883     1     9     2     8
 -2.3965449911226316E-02 a       884     1     9     2     9
  3.1520014928843298E-01 a       885     1     9     2    10
 -6.0820538916591249E-01 a       886     1     9     2    11
  4.6629881226356357E-01 a       887     1     9     2    12
 -3.0126384365665504E-01 a       888     1     9     2    13
  3.7609644991583541E-01 a       889     1     9     2    14
 -1.2640022785652341E-01 a       890     1     9     2    15
 -3.2572139929661723E-02 a       891     1     9     2    16
 -3.2614260607919893E-01 a       892     1     9     2    17
 -1.9904809331573659E-01 a       893     1     9     2    18
  1.9871405034791259E-01 a       894     1     9     2    19
  1.2271886441752772E-01 a       895     1     9     2    20
  2.1068655995087181E-02 a       896     1     9     2    21
 -1.2479498535622908E+00 a       897     1     9     2    22
  4.0568164665671945E-02 a       898     1     9     2    23
 -2.1473889192451573E-01 a       899     1     9     2    24
  2.2904373724422414E-01 a       900     1     9     2    25
  6.2300347330297201E-01 a       901     1    10     2     1
 -3.1800731693187950E-01 a       902     1    10     2     2
  3.3236906573548869E-01 a       903     1    10     2     3
  2.4690604851830736E-01 a       904     1    10     2     4
 -1.3017268369706828E-01 a       905     1    10     2     5
 -8.8124481551235068E-01 a       906     1    10     2     6
  1.9693010262546295E-01 a       907     1    10     2     7
 -4.5197867847237366E-01 a       908     1    10     2     8
 -1.7642035524785848E-01 a       909     1    10     2     9
 -3.7948071349091578E-01 a       910     1    10     2    10
  5.5209502786574638E-01 a       911     1    10     2    11
 -1.2052963276396275E-01 a       912     1    10     2    12
  2.2530501374991473E-02 a       913     1    10     2    13
 -2.4981915284768341E-01 a       914     1    10     2    14
 -3.4503453629748049E-01 a       915     1    10     2    15
 -2.4334973511198282E-01 a       916     1    10     2    16
 -7.5203742018484721E-01 a       917     1    10     2    17
 -1.0506732526130524E-02 a       918     1    10     2    18
 -2.2114200563202136E-03 a       919     1    10     2    19
 -1.7498177705520094E-02 a       920     1    10     2    20
  4.4296315490894511E-01 a       921     1    10     2    21
  2.6349896886182350E-01 a       922     1    10     2    22
 -7.6010746289508868E-01 a       923     1    10     2    23
  4.4212561790263361E-01 a       924     1    10     2    24
 -2.9225160035021247E-01 a       925     1    10     2    25
  4.4269665655618462E-01 a       926     1    11     2     1
 -5.3002434172544910E-01 a       927     1    11     2     2
 -3.1359651247460851E-01 a       928     1    11     2     3
  3.7544225174498080E-01 a       929     1    11     2     4
 -3.8600774252937226E-01 a       930     1    11     2     5
  3.7882672381635163E-01 a       931     1    11     2     6
  7.6099024753317314E-03 a       932     1    11     2     7
 -1.1785848812021231E+00 a       933     1    11     2     8
  3.3925814654545272E-01 a       934     1    11     2     9
 -8.0512854694894609E-01 a       935     1    11     2    10
  6.5524388557369395E-03 a       936     1    11     2    11
 -1.7861403561916614E-01 a       937     1    11     2    12
  8.0656277508452379E-01 a       938     1    11     2    13
 -1.5510945656374431E-01 a       939     1    11     2    14
  3.0676111868947115E-01 a       940     1    11     2    15
 -7.1562541608293673E-02 a       941     1    11     2    16
  8.8073456293383118E-02 a       942     1    11     2    17
  7.8141413809904881E-01 a       943     1    11     2    18
  2.9836420665990027E-01 a       944     1    11     2    19
 -7.3613667883991130E-01 a       945     1    11     2    20
 -3.1993696362074431E-01 a       946     1    11     2    21
  6.0219554091462957E-01 a       947     1    11     2    22
  9.3650790384655536E-01 a       948     1    11     2    23
 -1.1962742070550552E+00 a       949     1    11     2    24
  3.0147370226294284E-01 a       950     1    11     2    25
  5.9664065273952550E-02 a       951     1    12     2     1
  3.7639920866493468E-02 a       952     1    12     2     2
 -3.6700257339395465E-01 a       953     1    12     2     3
  4.5756487574167126E-01 a       954     1    12     2     4
 -2.2967932583008258E-01 a       955     1    12     2     5
 -1.3831514061284869E-01 a       956     1    12     2     6
 -1.5666075752289221E-01 a       957     1    12     2     7
 -7.7673819402652489E-01 a       958     1    12     2     8
 -2.0476167375850479E-01 a       959     1    12     2     9
 -5.5939478467147097E-01 a       960     1    12     2    10
  7.9925083057513183E-02 a       961     1    12     2    11
  3.4201720604622643E-01 a       962     1    12     2    12
 -2.3059255383593669E-01 a       963     1    12     2    13
 -4.3490681036092627E-01 a       964     1    12     2    14
 -1.0054983698324077E-01 a       965     1    12     2    15
  5.4162072778627834E-01 a       966     1    12     2    16
 -4.1713217795165895E-02 a       967     1    12     2    17
  9.5863835310582401E-02 a       968     1    12     2    18
  1.3180873310800154E-01 a       969     1    12     2    19
  5.2488286490577117E-03 a       970     1    12     2    20
  1.2985151613562507E-01 a       971     1    12     2    21
  1.7252316336722466E+00 a       972     1    12     2    22
  6.5784460092308561E-01 a       973     1    12     2    23
 -1.2360722906812749E+00 a       974     1    12     2    24
  2.5557643141905828E-01 a       975     1    12     2    25
  4.0912922993582339E-02 a       976     1    13     2     1
 -1.5008243569612992E-01 a       977     1    13     2     2
 -4.2181781377131390E-02 a       978     1    13     2     3
 -3.9769601850792374E-03 a       979     1    13     2     4
 -1.4158974714038131E-01 a       980     1    13     2     5
  7.0055070774642236E-01 a       981     1    13     2     6
 -7.0606502343143222E-03 a       982     1    13     2     7
  3.4442208366788113E-01 a       983     1    13     2     8
 -1.2459237490570754E-01 a       984     1    13     2     9
 -1.4499979412951380E-01 a       985     1    13     2    10
 -2.3076765786984005E-01 a       986     1    13     2    11
 -2.4694249446953154E-01 a       987     1    13     2    12
 -3.3070233874344240E-01 a       988     1    13     2    13
  2.1919563093518746E-01 a       989     1    13     2    14
 -1.6492912342562313E-01 a       990     1    13     2    15
  1.4835629256788246E-01 a       991     1    13     2    16
 -2.4957941192324756E-01 a       992     1    13     2    17
  1.9997819982687198E-03 a       993     1    13     2    18
 -1.1557302452133950E-01 a       994     1    13     2    19
  1.9975940185680177E-01 a       995     1    13     2    20
  1.1568180073646585E-01 a       996     1    13     2    21
 -2.7606246157264708E-01 a       997     1    13     2    22
 -1.4249678478892638E-01 a       998     1    13     2    23
 -1.0325367682547705E-01 a       999     1    13     2    24
  5.9236938152813112E-01 a      1000     1    13     2    25
  3.5785821590631994E-01 a      1001     1    14     2     1
  1.1699886001258131E-01 a      1002     1    14     2     2
 -1.3946169507856816E+00 a      1003     1    14     2     3
 -2.0995141326321223E-01 a      1004     1    14     2     4
 -1.1268290361017902E-01 a      1005     1    14     2     5
  1.5393146980097614E+00 a      1006     1    14     2     6
  1.2438517181549508E-01 a      1007     1    14     2     7
 -6.0700713876776412E-02 a      1008     1    14     2     8
  1.5258705018194754E-01 a      1009     1    14     2     9
 -3.6596244737441663E-01 a      1010     1    14     2    10
 -2.2490832194605417E-01 a      1011     1    14     2    11
 -3.8071515212515988E-01 a      1012     1    14     2    12
 -2.8217370897440530E-02 a      1013     1    14     2    13
  2.6880528270322174E-01 a      1014     1    14     2    14
 -5.0133393805174709E-01 a      1015     1    14     2    15
 -1.0055702934182220E-01 a      1016     1    14     2    16
 -8.2227208230580356E-02 a      1017     1    14     2    17
  2.3947601230845456E-01 a      1018     1    14     2    18
 -4.2918035778855383E-02 a      1019     1    14     2    19
  2.6631920336253265E-02 a      1020     1    14     2    20
  1.2000623930031470E-02 a      1021     1    14     2    21
 -1.6880294573066262E-01 a      1022     1    14     2    22
  8.1584776794382152E-01 a      1023     1    14     2    23
 -1.8657806214566200E-01 a      1024     1    14     2    24
  5.5993532970554027E-01 a      1025     1    14     2    25
 -1.3353208267356481E-01 a      1026     1    15     2     1
  7.3993370476769393E-01 a      1027     1    15     2     2
 -7.5948906575208841E-03 a      1028     1    15     2     3
  9.6291122293258535E-02 a      1029     1    15     2     4
 -4.4665233448929642E-01 a      1030     1    15     2     5
 -2.0668475726474833E-01 a      1031     1    15     2     6
 -1.7210309977826254E-02 a      1032     1    15     2     7
  5.2843464220353975E-01 a      1033     1    15     2     8
 -7.1769229680579683E-01 a      1034     1    15     2     9
  3.2049389473760660E-02 a      1035     1    15     2    10
 -4.8782226933444095E-01 a      1036     1    15     2    11
  4.0670501306632711E-01 a      1037     1    15     2    12
 -1.7859712601128813E-01 a      1038     1    15     2    13
  2.7964326916520349E-01 a      1039     1    15     2    14
  1.2100691835458992E-01 a      1040     1    15     2    15
 -2.1970743954428162E-01 a      1041     1    15     2    16
  3.0796336836603187E-02 a      1042     1    15     2    17
 -1.0382928708174963E-01 a      1043     1    15     2    18
 -9.0482142779952632E-02 a      1044     1    15     2    19
 -2.8396816663373636E-01 a      1045     1    15     2    20
 -6.7695558578782100E-01 a      1046     1    15     2    21
  6.4393599957027847E-01 a      1047     1    15     2    22
  8.7588650154805200E-02 a      1048     1    15     2    23
  6.9082111395826740E-01 a      1049     1    15     2    24
  3.5913944843656492E-01 a      1050     1    15     2    25
 -1.6587289446814563E-01 a      1051     1    16     2     1
 -6.4455133066018533E-01 a      1052     1    16     2     2
  6.0311288397261087E-01 a      1053     1    16     2     3
  4.9166388287980062E-01 a      1054     1    16     2     4
  9.3935145119356300E-02 a      1055     1    16     2     5
  6.0168433438826774E-01 a      1056     1    16     2     6
 -1.0564800934433628E-01 a      1057     1    16     2     7
 -5.6859220459622306E-01 a      1058     1    16     2     8
  1.0339428550781220E+00 a      1059     1    16     2     9
 -4.7676970256813100E-01 a      1060     1    16     2    10
  1.1335213882619792E-01 a      1061     1    16     2    11
 -2.2564396291625335E-01 a      1062     1    16     2    12
  2.1346568326714266E-01 a      1063     1    16     2    13
 -1.2963885644401568E-01 a      1064     1    16     2    14
  3.1766298532739351E-01 a      1065     1    16     2    15
 -2.2223916623627193E-01 a      1066     1    16     2    16
  8.9239474512359432E-02 a      1067     1    16     2    17
  3.9063345192022113E-02 a      1068     1    16     2    18
  4.0733494956957755E-01 a      1069     1    16     2    19
 -3.3268533319546462E-01 a      1070     1    16     2    20
 -1.7575307851038599E-01 a      1071     1    16     2    21
  7.4792396495053548E-01 a      1072     1    16     2    22
 -6.1385818288337106E-03 a      1073     1    16     2    23
  2.4903487846788547E-02 a      1074     1    16     2    24
 -2.0346136306894347E-01 a      1075     1    16     2    25
  7.3316636614722797E-01 a      1076     1    17     2     1
  5.0654570091570950E-01 a      1077     1    17     2     2
  4.5205494926247897E-01 a      1078     1    17     2     3
  2.4344651173978085E-01 a      1079     1    17     2     4
 -3.8337245464476721E-01 a      1080     1    17     2     5
  5.5475068035054209E-01 a      1081     1    17     2     6
  7.4603523842868169E-02 a      1082     1    17     2     7
  1.5063353248767580E-01 a      1083     1    17     2     8
  1.1578403169995343E-02 a      1084     1    17     2     9
  1.1677212051486201E-01 a      1085     1    17     2    10
  1.1103070696639046E-01 a      1086     1    17     2    11
 -1.4785497894254654E-01 a      1087     1    17     2    12
  5.9579219477301071E-01 a      1088     1    17     2    13
 -2.4444974326401514E-01 a      1089     1    17     2    14
 -2.3351580661524818E-01 a      1090     1    17     2    15
 -6.5379329496926875E-01 a      1091     1    17     2    16
  2.2800794671972158E-01 a      1092     1    17     2    17
  1.1315353587698457E-01 a      1093     1    17     2    18
  2.4761895737852260E-01 a      1094     1    17     2    19
 -6.2763732433935016E-01 a      1095     1    17     2    20
 -2.1131437076435824E-01 a      1096     1    17     2    21
  1.4796433698518457E-01 a      1097     1    17     2    22
  1.2273476261927196E-01 a      1098     1    17     2    23
 -9.3090191949997680E-01 a      1099     1    17     2    24
  3.4218169138790089E-01 a      1100     1    17     2    25
 -5.5739271596197604E-01 a      1101     1    18     2     1
  3.1859259088180475E-01 a      1102     1    18     2     2
  4.5584505707710388E-01 a      1103     1    18     2     3
 -2.2531724236334216E-01 a      1104     1    18     2     4
 -1.4598591350342016E-01 a      1105     1    18     2     5
  9.2442546422981400E-02 a      1106     1    18     2     6
 -1.7950530725071764E-01 a      1107     1    18     2     7
 -1.8113987559576342E-01 a      1108     1    18     2     8
 -4.7184118251609453E-01 a      1109     1    18     2     9
 -2.2731827082141193E-01 a      1110     1    18     2    10
 -1.1230587793832908E-01 a      1111     1    18     2    11
 -4.3010705308564406E-01 a      1112     1    18     2    12
  3.0426225559345328E-02 a      1113     1    18     2    13
 -1.3402938606768278E-02 a      1114     1    18     2    14
  1.0206306032605177E-01 a      1115     1    18     2    15
  4.1648764099586033E-01 a      1116     1    18     2    16
 -2.5782621745684808E-01 a      1117     1    18     2    17
  2.2570335390819854E-01 a      1118     1    18     2    18
 -1.2820212483698820E-02 a      1119     1    18     2    19
 -1.2614162160442946E-01 a      1120     1    18     2    20
 -3.2215087282371585E-01 a      1121     1    18     2    21
 -1.1770798169627048E+00 a      1122     1    18     2    22
 -4.5087874445886848E-02 a      1123     1    18     2    23
 -4.3955213316911718E-01 a      1124     1    18     2    24
  3.9743093239200028E-02 a      1125     1    18     2    25
  2.7730382005663656E-01 a      1126     1    19     2     1
 -3.0982913364205439E-01 a      1127     1    19     2     2
 -7.5535324898132317E-01 a      1128     1    19     2     3
 -4.0607957387734712E-02 a      1129     1    19     2     4
  8.1768972926389172E-01 a      1130     1    19     2     5
 -1.0807465116187560E+00 a      1131     1    19     2     6
 -8.1815090819671393E-02 a      1132     1    19     2     7
  6.4634650338336219E-01 a      1133     1    19     2     8
 -3.6754142632437059E-01 a      1134     1    19     2     9
  5.1854844249892695E-01 a      1135     1    19     2    10
 -1.2052430572060702E-01 a      1136     1    19     2    11
  3.8930813015595429E-02 a      1137     1    19     2    12
  4.5913146268683835E-01 a      1138     1    19     2    13
  1.9955854242818866E-01 a      1139     1    19     2    14
  8.1450678699899304E-02 a      1140     1    19     2    15
 -1.4949869059377777E-01 a      1141     1    19     2    16
 -1.7725508488986758E-01 a      1142     1    19     2    17
  4.7475587624902484E-02 a      1143     1    19     2    18
 -4.9662400085781416E-01 a      1144     1    19     2    19
  8.6576135660528977E-02 a      1145     1    19     2    20
 -5.3625656697390101E-01 a      1146     1    19     2    21
  2.7926528768485437E-01 a      1147     1    19     2    22
  5.1586145786016779E-02 a      1148     1    19     2    23
  1.1856301033462469E+00 a      1149     1    19     2    24
  3.6319225801541305E-01 a      1150     1    19     2    25
  7.6444771781834264E-01 a      1151     1    20     2     1
  1.7330636047864459E-01 a      1152     1    20     2     2
 -1.0993261181343810E+00 a      1153     1    20     2     3
 -2.0651778167658477E-01 a      1154     1    20     2     4
  4.4562765803792265E-01 a      1155     1    20     2     5
  7.7936318431081897E-01 a      1156     1    20     2     6
 -2.8999074338032954E-01 a      1157     1    20     2     7
  1.7289676648683644E-01 a      1158     1    20     2     8
  7.0917934837372831E-01 a      1159     1    20     2     9
  3.2622969739539082E-01 a      1160     1    20     2    10
 -9.6508009549910889E-01 a      1161     1    20     2    11
 -3.0711303212532526E-01 a      1162     1    20     2    12
 -3.5657174029139327E-01 a      1163     1    20     2    13
  5.3032363931873361E-01 a      1164     1    20     2    14
 -4.8397501591749152E-02 a      1165     1    20     2    15
  5.2049820814403980E-01 a      1166     1    20     2    16
 -3.7822057999706199E-01 a      1167     1    20     2    17
 -1.3420544334317838E-01 a      1168     1    20     2    18
  4.4640249264129232E-02 a      1169     1    20     2    19
  2.0871720704403052E-01 a      1170     1    20     2    20
 -1.2217993613468954E-01 a      1171     1    20     2    21
  1.3147217476748235E-01 a      1172     1    20     2    22
 -5.8330673186211990E-01 a      1173     1    20     2    23
 -6.3335107338732002E-02 a      1174     1    20     2    24
  1.0413376869133776E-02 a      1175     1    20     2    25
 -3.5795786685353415E-01 a      1176     1    21     2     1
  4.3099231214871948E-02 a      1177     1    21     2     2
 -3.7450777922896317E-01 a      1178     1    21     2     3
 -3.0139469074410435E-01 a      1179     1    21     2     4
 -4.5735311654734023E-01 a      1180     1    21     2     5
 -9.6169552405849368E-01 a      1181     1    21     2     6
 -3.0359026434164421E-01 a      1182     1    21     2     7
 -7.2312920781254686E-01 a      1183     1    21     2     8
  2.2789480198190229E-01 a      1184     1    21     2     9
  1.9674777316714290E-01 a      1185     1    21     2    10
 -4.7668878888352278E-01 a      1186     1    21     2    11
  9.5664209694294633E-01 a      1187     1    21     2    12
  2.2614648747516555E-01 a      1188     1    21     2    13
  2.8912194145418846E-01 a      1189     1    21     2    14
  1.5643906903494120E-01 a      1190     1    21     2    15
  7.9028306897849321E-01 a      1191     1    21     2    16
 -2.6509827198928815E-01 a      1192     1    21     2    17
 -1.3353139265599037E-01 a      1193     1    21     2    18
 -1.9769435980141847E-01 a      1194     1    21     2    19
 -3.0150759921441759E-02 a      1195     1    21     2    20
 -6.7343798043642711E-01 a      1196     1    21     2    21
  4.6499052684769621E-01 a      1197     1    21     2    22
 -4.6401753349176306E-01 a      1198     1    21     2    23
  2.6328641338155462E-01 a      1199     1    21     2    24
 -1.8433425039225826E-01 a      1200     1    21     2    25
  3.2329817787412324E-01 a      1201     1    22     2     1
  9.6052960453880051E-02 a      1202     1    22     2     2
  5.5160717178288921E-01 a      1203     1    22     2     3
  1.3352033682224088E-01 a      1204     1    22     2     4
  2.4943147652832065E-01 a      1205     1    22     2     5
  7.2832920115849620E-01 a      1206     1    22     2     6
 -1.2059189254285917E-01 a      1207     1    22     2     7
  5.9912176442532639E-01 a      1208     1    22     2     8
 -4.8535760377155110E-02 a      1209     1    22     2     9
  4.2061596384165234E-02 a      1210     1    22     2    10
 -2.8268504493369684E-01 a      1211     1    22     2    11
  5.8390931069824882E-02 a      1212     1    22     2    12
  1.4292520197198877E-01 a      1213     1    22     2    13
 -3.6229500643351947E-01 a      1214     1    22     2    14
  1.3656682983924132E-01 a      1215     1    22     2    15
 -1.6062925954058402E-01 a      1216     1    22     2    16
 -4.5251136316603913E-01 a      1217     1    22     2    17
  4.7607118775817214E-01 a      1218     1    22     2    18
  1.4881938262422661E-01 a      1219     1    22     2    19
  1.4651277521585188E-01 a      1220     1    22     2    20
 -3.0928006375280720E-01 a      1221     1    22     2    21
  1.5993473391228055E+00 a      1222     1    22     2    22
  3.9064908401345760E-01 a      1223     1    22     2    23
 -1.6477694418030267E-01 a      1224     1    22     2    24
  2.5341987633117860E-02 a      1225     1    22     2    25
  2.7326307251491183E-01 a      1226     1    23     2     1
 -5.6789277959406692E-01 a      1227     1    23     2     2
 -2.4614318404670640E-01 a      1228     1    23     2     3
  1.2593283933150728E-01 a      1229     1    23     2     4
  2.6962756235003638E-01 a      1230     1    23     2     5
 -2.5600520280875722E-01 a      1231     1    23     2     6
  2.2191571038757518E-01 a      1232     1    23     2     7
 -1.8585457455618026E-01 a      1233     1    23     2     8
 -3.9416847520952908E-01 a      1234     1    23     2     9
  1.9403640628569971E-01 a      1235     1    23     2    10
  5.1325941161067767E-01 a      1236     1    23     2    11
  2.0634147258591315E-01 a      1237     1    23     2    12
 -1.2054427127828371E-01 a      1238     1    23     2    13
 -1.3497252387557071E-01 a      1239     1    23     2    14
  9.9237690257527406E-02 a      1240     1    23     2    15
  3.3412217540099304E-01 a      1241     1    23     2    16
 -4.5095009648520423E-02 a      1242     1    23     2    17
  2.3076251150162613E-01 a      1243     1    23     2    18
 -9.1759298242635776E-02 a      1244     1    23     2    19
  3.8849214286813988E-01 a      1245     1    23     2    20
 -3.1700657243718533E-01 a      1246     1    23     2    21
 -2.3013551464034546E-01 a      1247     1    23     2    22
 -9.8333263854369080E-01 a      1248     1    23     2    23
 -1.7204601658506277E-01 a      1249     1    23     2    24
 -1.9372510680936456E-02 a      1250     1    23     2    25
 -2.6757058640981335E-01 a      1251     1    24     2     1
  2.9360865594524249E-01 a      1252     1    24     2     2
 -2.4693627483587746E-01 a      1253     1    24     2     3
  5.6596092816630035E-02 a      1254     1    24     2     4
 -1.0526719223605737E-02 a      1255     1    24     2     5
  5.0926069641987304E-01 a      1256     1    24     2     6
  9.7676824446903773E-02 a      1257     1    24     2     7
  4.6576165808946768E-01 a      1258     1    24     2     8
  7.2886194001283489E-01 a      1259     1    24     2     9
 -2.5045120753344363E-01 a      1260     1    24     2    10
 -2.9297587645086207E-02 a      1261     1    24     2    11
  1.7696663128638848E-01 a      1262     1    24     2    12
  6.5221247736515764E-01 a      1263     1    24     2    13
  1.2228036955600038E-01 a      1264     1    24     2    14
 -4.3822665060468330E-01 a      1265     1    24     2    15
  3.9342037051183182E-01 a      1266     1    24     2    16
  1.2915144261262362E-01 a      1267     1    24     2    17
 -7.4802379997621474E-02 a      1268     1    24     2    18
  3.7060316648544672E-01 a      1269     1    24     2    19
  2.9421948033253587E-01 a      1270     1    24     2    20
 -1.7510951651816642E-01 a      1271     1    24     2    21
  1.3595804684417316E+00 a      1272     1    24     2    22
  9.8947145130954017E-01 a      1273     1    24     2    23
 -1.8019090695159747E-02 a      1274     1    24     2    24
  5.0973371083317864E-01 a      1275     1    24     2    25
  1.3632871388456366E-01 a      1276     1    25     2     1
  9.7080612249963538E-01 a      1277     1    25     2     2
 -4.3936989441416846E-01 a      1278     1    25     2     3
 -2.3772329362488623E-01 a      1279     1    25     2     4
 -3.2458673224254153E-01 a      1280     1    25     2     5
  6.0620033124139161E-01 a      1281     1    25     2     6
 -1.8223175228878385E-01 a      1282     1    25     2     7
 -3.9741726824578433E-01 a      1283     1    25     2     8
 -5.4639512529548062E-01 a      1284     1    25     2     9
  5.2172891927461940E-01 a      1285     1    25     2    10
 -7.8676357764766669E-01 a      1286     1    25     2    11
  3.8938790613049306E-03 a      1287     1    25     2    12
 -2.5801011156215298E-01 a      1288     1    25     2    13
  7.3682481961928437E-01 a      1289     1    25     2    14
  2.6820982503721497E-01 a      1290     1    25     2    15
 -4.2050380387310837E-01 a      1291     1    25     2    16
 -3.2122553829578578E-02 a      1292     1    25     2    17
 -2.2587565097410889E-01 a      1293     1    25     2    18
 -1.2882268862463339E-01 a      1294     1    25     2    19
 -3.2072968349985832E-02 a      1295     1    25     2    20
  2.4843025531975427E-01 a      1296     1    25     2    21
 -3.1360822903047203E-01 a      1297     1    25     2    22
 -5.0159218561232266E-01 a      1298     1    25     2    23
 -1.1022412448605017E-01 a      1299     1    25     2    24
 -2.6477711687482769E-01 a      1300     1    25     2    25
  7.4366513891833463E-01 b      1301     2     1
 -2.6469296934989062E-01 b      1302     2     2
 -5.5098387811777416E-01 b      1303     2     3
  4.5583248270090987E-01 b      1304     2     4
 -6.8527602933676407E-02 b      1305     2     5
  2.8563576231038035E-01 b      1306     2     6
  4.4125386044337539E-01 b      1307     2     7
 -1.4160978538873550E-01 b      1308     2     8
  5.0760496290026613E-01 b      1309     2     9
 -7.9011213898747246E-01 b      1310     2    10
  1.2117141056721929E-01 b      1311     2    11
 -1.0730202110454452E-01 b      1312     2    12
 -6.6886091561826178E-01 b      1313     2    13
 -4.7781659644984675E-01 b      1314     2    14
  7.0363183085298861E-02 b      1315     2    15
  3.2928344498885503E-01 b      1316     2    16
  1.4104947975495535E-01 b      1317     2    17
 -8.0062622868904110E-01 b      1318     2    18
 -1.3236664007496528E+00 b      1319     2    19
  3.9608698628455480E-01 b      1320     2    20
 -4.1046345659021305E-01 b      1321     2    21
  1.0099114075551852E+00 b      1322     2    22
  3.4368055198014230E-01 b      1323     2    23
 -1.6794693770436669E-01 b      1324     2    24
 -1.5604071920447221E-01 b      1325     2    25
 -1.0263147807343184E-01 a      1326     2     1     3     1
  9.6638036253986176E-02 a      1327     2     2     3     1
 -3.0787698111968173E-02 a      1328     2     3     3     1
  8.8051534753893351E-02 a      1329     2     4     3     1
  1.5143220891155562E-01 a      1330     2     5     3     1
 -7.0339474564789187E-02 a      1331     2     6     3     1
 -3.0470226098462594E-01 a      1332     2     7     3     1
  4.5866168465158119E-02 a      1333     2     8     3     1
  4.6966258993167365E-02 a      1334     2     9     3     1
 -8.2783075178047394E-02 a      1335     2    10     3     1
  1.6137314223465415E-01 a      1336     2    11     3     1
  2.4069260556780864E-01 a      1337     2    12     3     1
  1.0709409180202444E-01 a      1338     2    13     3     1
  1.9348223662807429E-01 a      1339     2    14     3     1
  1.7119426412969732E-01 a      1340     2    15     3     1
 -2.5347008492300216E-01 a      1341     2    16     3     1
 -2.2019079377781436E-01 a      1342     2    17     3     1
  5.1840541625435488E-01 a      1343     2    18     3     1
  1.3626496730304805E+00 a      1344     2    19     3     1
  1.4289033222397321E-01 a      1345     2    20     3     1
  1.8413858573730965E-01 a      1346     2    21     3     1
 -4.7288267206469101E-02 a      1347     2    22     3     1
 -6.9011752698562745E-02 a      1348     2    23     3     1
 -4.8022524167883392E-02 a      1349     2    24     3     1
  1.3512549587814529E-01 a      1350     2    25     3     1
 -9.0489987556502627E-01 b      1351     3     1
