################################################################################
# Neural network connection values (weights and biases).
################################################################################
# Col  Name       Description
################################################################################
# 1    connection Neural network connection value.
# 2    t          Connection type (a = weight, b = bias).
# 3    index      Index enumerating weights.
# 4    l_s        Starting point layer (end point layer for biases).
# 5    n_s        Starting point neuron in starting layer (end point neuron for biases).
# 6    l_e        End point layer.
# 7    n_e        End point neuron in end layer.
################################################################################
#                      1 2         3     4     5     6     7
#             connection t     index   l_s   n_s   l_e   n_e
############################################################
  5.5466149919505634E+00 a         1     0     1     1     1
  2.8441138157409299E-02 a         2     0     1     1     2
  1.7552711547294577E+00 a         3     0     1     1     3
  1.0287453331749857E+01 a         4     0     1     1     4
  2.5889833673850687E-01 a         5     0     1     1     5
  1.4284695407257206E+00 a         6     0     1     1     6
 -5.2478428402422517E-01 a         7     0     1     1     7
 -2.6132302608946247E+00 a         8     0     1     1     8
  1.9022271718531945E+00 a         9     0     1     1     9
 -2.9643535537560703E+00 a        10     0     1     1    10
 -5.0891710317483003E+00 a        11     0     1     1    11
 -2.4573747012860306E-01 a        12     0     1     1    12
  1.3459366268907729E+00 a        13     0     1     1    13
  1.3474805145659798E+00 a        14     0     1     1    14
  4.2121121319712490E-02 a        15     0     1     1    15
 -1.4703929290857221E-01 a        16     0     1     1    16
 -2.2696290420110681E+00 a        17     0     1     1    17
 -7.0851258632081759E-01 a        18     0     1     1    18
  8.7435211232181377E-03 a        19     0     1     1    19
 -3.5396586113471771E+00 a        20     0     1     1    20
 -8.0669889909879142E+00 a        21     0     1     1    21
  2.4801387098730188E+00 a        22     0     1     1    22
 -2.2471308557696772E+00 a        23     0     1     1    23
 -1.1961390211855529E+00 a        24     0     1     1    24
 -5.0270389244544420E+00 a        25     0     1     1    25
 -1.0505060217213387E+00 a        26     0     2     1     1
 -1.1221000646852195E+00 a        27     0     2     1     2
 -2.1688216353557360E-01 a        28     0     2     1     3
 -2.0488089582436810E+00 a        29     0     2     1     4
  5.5663108314676912E-01 a        30     0     2     1     5
 -1.3963700658517896E-03 a        31     0     2     1     6
 -1.2088998496956858E-01 a        32     0     2     1     7
  6.9202273837589057E-01 a        33     0     2     1     8
 -2.8007883854635418E-01 a        34     0     2     1     9
 -5.5364367627462341E-01 a        35     0     2     1    10
  6.4430081330962663E-01 a        36     0     2     1    11
  3.2605659579685337E-02 a        37     0     2     1    12
 -3.3655818233434998E-01 a        38     0     2     1    13
  4.9858426430822833E-01 a        39     0     2     1    14
 -8.9324641376795841E-02 a        40     0     2     1    15
  6.9176690673276275E-01 a        41     0     2     1    16
  6.1134287746020866E-01 a        42     0     2     1    17
  8.8329599755235688E-01 a        43     0     2     1    18
 -6.8892927928728376E-01 a        44     0     2     1    19
 -3.3835685208374799E-01 a        45     0     2     1    20
  1.7955961030067871E+00 a        46     0     2     1    21
  1.4456220253641777E-02 a        47     0     2     1    22
  2.9735329692281953E-01 a        48     0     2     1    23
  6.9295576987918839E-01 a        49     0     2     1    24
  1.2185985362113503E+00 a        50     0     2     1    25
 -4.3258986741192746E+00 a        51     0     3     1     1
 -9.7575269818264965E-01 a        52     0     3     1     2
 -9.1620973586398324E-01 a        53     0     3     1     3
 -7.9940220547607916E+00 a        54     0     3     1     4
  2.4362691987152080E-01 a        55     0     3     1     5
 -6.0643134776119323E-01 a        56     0     3     1     6
  2.3692960914124864E-01 a        57     0     3     1     7
  2.5932086822679628E+00 a        58     0     3     1     8
 -7.7725386803835683E-01 a        59     0     3     1     9
  1.1923105410576247E+00 a        60     0     3     1    10
  4.1794077538757728E+00 a        61     0     3     1    11
  6.7385960824496649E-01 a        62     0     3     1    12
 -1.3799238584376086E+00 a        63     0     3     1    13
  4.8036136671797314E-01 a        64     0     3     1    14
 -1.4319053166875781E-04 a        65     0     3     1    15
  7.0513536901012341E-01 a        66     0     3     1    16
  1.5126994243212959E+00 a        67     0     3     1    17
  1.3016191528403946E+00 a        68     0     3     1    18
 -9.2344326358663487E-01 a        69     0     3     1    19
  1.2792461321251865E+00 a        70     0     3     1    20
  6.5116071095562278E+00 a        71     0     3     1    21
 -1.3849840546677594E+00 a        72     0     3     1    22
  1.5353270320732850E+00 a        73     0     3     1    23
  2.2080160650870564E+00 a        74     0     3     1    24
  4.2696010336540828E+00 a        75     0     3     1    25
 -8.3656044616673786E-01 a        76     0     4     1     1
  2.1270493781233957E+00 a        77     0     4     1     2
 -2.0235898217445971E+00 a        78     0     4     1     3
 -5.2908793978780091E+00 a        79     0     4     1     4
 -3.1295664492243108E-01 a        80     0     4     1     5
 -3.0005791288078665E-01 a        81     0     4     1     6
  1.7653096470661795E+00 a        82     0     4     1     7
  7.4729351023971241E-02 a        83     0     4     1     8
 -3.6717871405548155E+00 a        84     0     4     1     9
  1.7964970739040151E+00 a        85     0     4     1    10
  7.8528010597312026E-01 a        86     0     4     1    11
 -1.4870984606463045E+00 a        87     0     4     1    12
  3.2844831351958975E-01 a        88     0     4     1    13
 -2.7936888025030111E+00 a        89     0     4     1    14
  1.3750075803658279E+00 a        90     0     4     1    15
 -1.7994757014080200E+00 a        91     0     4     1    16
  2.7373820104243238E+00 a        92     0     4     1    17
 -1.1871313090779654E+00 a        93     0     4     1    18
 -3.4456513458127802E-01 a        94     0     4     1    19
  4.7097333988300427E+00 a        95     0     4     1    20
  4.2399145689080653E+00 a        96     0     4     1    21
 -2.1116710519494579E+00 a        97     0     4     1    22
 -1.8284213316304552E+00 a        98     0     4     1    23
  2.1182235820137731E+00 a        99     0     4     1    24
  3.7072150083348729E+00 a       100     0     4     1    25
  3.9822220211772068E+00 a       101     0     5     1     1
  6.1412702190429942E-02 a       102     0     5     1     2
  2.8065824067781344E+00 a       103     0     5     1     3
  7.3035776960522760E+00 a       104     0     5     1     4
 -1.3042793315180843E+00 a       105     0     5     1     5
 -8.6523888453072151E-01 a       106     0     5     1     6
 -2.4398983002866066E+00 a       107     0     5     1     7
 -1.1052323062146845E+00 a       108     0     5     1     8
  3.9635886543663639E+00 a       109     0     5     1     9
  5.9888338324570600E-01 a       110     0     5     1    10
 -3.1587151119974344E-01 a       111     0     5     1    11
  8.9469460956158453E-01 a       112     0     5     1    12
 -1.1921034328503139E+00 a       113     0     5     1    13
 -1.3931017073131922E+00 a       114     0     5     1    14
 -1.9165223156470261E+00 a       115     0     5     1    15
  2.3421018016145884E-01 a       116     0     5     1    16
 -3.9921742978625376E+00 a       117     0     5     1    17
 -2.3597859914733426E+00 a       118     0     5     1    18
 -1.2294759620451314E+00 a       119     0     5     1    19
 -2.0983611183114275E+00 a       120     0     5     1    20
 -4.3180596122267474E+00 a       121     0     5     1    21
  3.7358749611257891E+00 a       122     0     5     1    22
  1.1336520744540595E+00 a       123     0     5     1    23
 -4.6879753353982929E+00 a       124     0     5     1    24
 -5.7047958376403765E+00 a       125     0     5     1    25
 -2.4706628848155652E+00 a       126     0     6     1     1
 -3.2209769829700685E-01 a       127     0     6     1     2
 -1.3629140526817494E+00 a       128     0     6     1     3
 -3.1638537128478172E+00 a       129     0     6     1     4
  9.4030691755350837E-01 a       130     0     6     1     5
  1.4620390523381452E+00 a       131     0     6     1     6
  1.4382891549045222E+00 a       132     0     6     1     7
  1.2995408577348053E+00 a       133     0     6     1     8
 -7.6054696727200743E-01 a       134     0     6     1     9
 -1.1731462509621879E+00 a       135     0     6     1    10
  5.4720956167269991E-02 a       136     0     6     1    11
 -4.5368410121871561E-01 a       137     0     6     1    12
  6.1749530036429823E-01 a       138     0     6     1    13
  2.0796281737869280E+00 a       139     0     6     1    14
  8.8791496079745413E-01 a       140     0     6     1    15
 -8.7971302835120085E-02 a       141     0     6     1    16
  1.6710419860750465E+00 a       142     0     6     1    17
  2.1053738444993488E+00 a       143     0     6     1    18
  8.2741470876906176E-01 a       144     0     6     1    19
 -7.1164548891307078E-01 a       145     0     6     1    20
  9.6080219732187444E-01 a       146     0     6     1    21
 -2.2556942780820219E+00 a       147     0     6     1    22
  9.9783939331817614E-03 a       148     0     6     1    23
  2.5161242393065910E+00 a       149     0     6     1    24
  2.3761399259268967E+00 a       150     0     6     1    25
  6.1249034680529124E-01 a       151     0     7     1     1
  3.4612878493068699E-01 a       152     0     7     1     2
  2.9972526700977487E-01 a       153     0     7     1     3
  6.2639553303093243E-01 a       154     0     7     1     4
 -8.5352555332615099E-02 a       155     0     7     1     5
 -1.3051762311778942E-01 a       156     0     7     1     6
 -3.5095546284090395E-01 a       157     0     7     1     7
 -6.0802602840586728E-01 a       158     0     7     1     8
  2.2661933317656746E-01 a       159     0     7     1     9
  4.6953079120227215E-01 a       160     0     7     1    10
  1.0341601456828893E-01 a       161     0     7     1    11
  4.5915377703076082E-01 a       162     0     7     1    12
 -7.9435326828388553E-02 a       163     0     7     1    13
 -9.7511718725309082E-01 a       164     0     7     1    14
 -4.2292404514008020E-01 a       165     0     7     1    15
  3.8878605750350043E-02 a       166     0     7     1    16
 -1.6223501025338732E-01 a       167     0     7     1    17
 -6.5250509941690127E-01 a       168     0     7     1    18
 -1.5202478205547013E-01 a       169     0     7     1    19
  3.4623049191934874E-01 a       170     0     7     1    20
  4.5608321863977286E-02 a       171     0     7     1    21
  4.5227442543203944E-01 a       172     0     7     1    22
  5.2368186137593878E-02 a       173     0     7     1    23
 -6.7510289870959239E-01 a       174     0     7     1    24
 -5.0796050007849014E-01 a       175     0     7     1    25
  1.4602678148314395E-02 a       176     0     8     1     1
 -1.0908341684304493E-01 a       177     0     8     1     2
  4.8712106068243988E-03 a       178     0     8     1     3
  3.9631931335771094E-02 a       179     0     8     1     4
 -7.7282779767943524E-02 a       180     0     8     1     5
  8.5396962615716613E-03 a       181     0     8     1     6
 -4.2683268448839851E-02 a       182     0     8     1     7
 -2.6812087437692370E-02 a       183     0     8     1     8
 -7.9583389980816654E-02 a       184     0     8     1     9
 -9.4226997170932997E-02 a       185     0     8     1    10
 -1.1795146845425751E-01 a       186     0     8     1    11
 -1.4019266669440406E-01 a       187     0     8     1    12
 -5.5248823830923610E-02 a       188     0     8     1    13
  1.4742143312091027E-01 a       189     0     8     1    14
  1.1721281073165196E-01 a       190     0     8     1    15
 -7.9645210816968806E-02 a       191     0     8     1    16
 -3.2811243750180422E-02 a       192     0     8     1    17
  4.9347972078438111E-03 a       193     0     8     1    18
 -3.6569486234307599E-02 a       194     0     8     1    19
  2.3449745142325566E-02 a       195     0     8     1    20
 -7.2719990263234266E-02 a       196     0     8     1    21
 -3.8615676794283078E-02 a       197     0     8     1    22
 -5.2437452997537867E-02 a       198     0     8     1    23
  8.6414770924179707E-02 a       199     0     8     1    24
 -5.0098298668177811E-03 a       200     0     8     1    25
  5.0507829640284863E+00 a       201     0     9     1     1
  2.4584652327038625E-01 a       202     0     9     1     2
 -2.6097800733995191E+00 a       203     0     9     1     3
 -1.7080855579138874E+00 a       204     0     9     1     4
 -5.6617748387266209E-01 a       205     0     9     1     5
 -2.6282127978545682E+00 a       206     0     9     1     6
  8.3572635374045712E-01 a       207     0     9     1     7
  5.4398821967473747E-02 a       208     0     9     1     8
 -7.1448655015924600E-01 a       209     0     9     1     9
  5.3119865283255185E-01 a       210     0     9     1    10
  1.8399296545165584E+00 a       211     0     9     1    11
 -5.0596722115953101E+00 a       212     0     9     1    12
  9.5632086072139999E-01 a       213     0     9     1    13
 -5.4722882850212085E-01 a       214     0     9     1    14
 -5.9957064694404294E-01 a       215     0     9     1    15
 -1.3038304387035913E+00 a       216     0     9     1    16
 -1.7931417843321724E+00 a       217     0     9     1    17
 -1.1615221984488575E+00 a       218     0     9     1    18
  1.4570832582506343E+00 a       219     0     9     1    19
  5.8472169264686826E+00 a       220     0     9     1    20
 -4.4977755233795085E+00 a       221     0     9     1    21
 -3.9685735915999626E-01 a       222     0     9     1    22
  2.5113227700269908E-01 a       223     0     9     1    23
 -4.9361429960111272E+00 a       224     0     9     1    24
 -2.5837181721589153E+00 a       225     0     9     1    25
 -4.3266776806311062E+00 a       226     0    10     1     1
 -8.3599516292215806E-02 a       227     0    10     1     2
  7.7922427252991289E-01 a       228     0    10     1     3
 -5.1629686734709441E+00 a       229     0    10     1     4
  5.5535005398817872E-01 a       230     0    10     1     5
 -7.9845084588031878E-01 a       231     0    10     1     6
 -8.2071694675596707E-01 a       232     0    10     1     7
  3.5180183269949512E+00 a       233     0    10     1     8
  1.2814243800321385E+00 a       234     0    10     1     9
  1.7019783628439629E+00 a       235     0    10     1    10
  5.6770093451173738E+00 a       236     0    10     1    11
  4.6346431710652780E-01 a       237     0    10     1    12
 -1.5572157752462852E+00 a       238     0    10     1    13
 -5.1873948632763767E-01 a       239     0    10     1    14
 -6.7809243775864103E-01 a       240     0    10     1    15
 -5.2292604267709278E-02 a       241     0    10     1    16
  6.4581111695467452E-01 a       242     0    10     1    17
  1.4971153157018774E-01 a       243     0    10     1    18
  1.6742726993397591E-01 a       244     0    10     1    19
 -3.1312276963034869E+00 a       245     0    10     1    20
  4.4265294236176249E+00 a       246     0    10     1    21
  9.3058199139799628E-03 a       247     0    10     1    22
  9.0577652174720524E-01 a       248     0    10     1    23
  1.3284186806078493E+00 a       249     0    10     1    24
  2.8046032208732958E+00 a       250     0    10     1    25
 -2.3811968449051051E+00 a       251     0    11     1     1
 -1.4820369573376807E-01 a       252     0    11     1     2
  3.1817379604547731E+00 a       253     0    11     1     3
  8.7477204447774444E+00 a       254     0    11     1     4
 -1.4895479078372094E+00 a       255     0    11     1     5
  2.4336843879513221E+00 a       256     0    11     1     6
  1.4508677053835950E-01 a       257     0    11     1     7
 -7.0918939008531323E-01 a       258     0    11     1     8
  1.2228281694976477E+00 a       259     0    11     1     9
  6.0402418742650399E-01 a       260     0    11     1    10
 -7.7740976387712566E+00 a       261     0    11     1    11
  4.9126102149498756E+00 a       262     0    11     1    12
 -1.1136107918560652E+00 a       263     0    11     1    13
  2.3889251102531109E-02 a       264     0    11     1    14
  2.9059718917452431E+00 a       265     0    11     1    15
 -1.8803967582399127E-02 a       266     0    11     1    16
 -4.5740164844152775E-01 a       267     0    11     1    17
 -1.4996441315982880E+00 a       268     0    11     1    18
 -2.4681060867708837E-02 a       269     0    11     1    19
 -3.5036178081673075E+00 a       270     0    11     1    20
  8.7499269265974389E-01 a       271     0    11     1    21
  1.5810436579471648E-01 a       272     0    11     1    22
 -1.4483656894864625E+00 a       273     0    11     1    23
  5.0803138796177949E+00 a       274     0    11     1    24
 -5.4803368659792728E-01 a       275     0    11     1    25
  1.8349263553821025E+00 a       276     0    12     1     1
  3.4895929952835383E+00 a       277     0    12     1     2
  5.2492774192413183E+00 a       278     0    12     1     3
  6.5021444302830975E+00 a       279     0    12     1     4
 -2.1538647829140873E+00 a       280     0    12     1     5
  2.4395051227362670E+00 a       281     0    12     1     6
 -7.2946536497224632E-03 a       282     0    12     1     7
 -5.5330213106276815E+00 a       283     0    12     1     8
 -2.2630049342775886E+00 a       284     0    12     1     9
 -4.6620803303390677E+00 a       285     0    12     1    10
 -4.8182612530652964E+00 a       286     0    12     1    11
  3.8446553085048687E+00 a       287     0    12     1    12
  3.2618568073202642E-01 a       288     0    12     1    13
 -2.4786182191529693E-01 a       289     0    12     1    14
 -2.9269739328571025E+00 a       290     0    12     1    15
  2.5434563521303388E-01 a       291     0    12     1    16
  3.9402322719632448E+00 a       292     0    12     1    17
  1.1411107509476177E-01 a       293     0    12     1    18
 -3.4727227247229009E+00 a       294     0    12     1    19
 -9.0265921654591939E+00 a       295     0    12     1    20
 -4.1306537802942707E+00 a       296     0    12     1    21
 -1.0924213364431663E+00 a       297     0    12     1    22
  2.0341415619638656E+00 a       298     0    12     1    23
 -2.3072759254004387E+00 a       299     0    12     1    24
  1.1367309288487217E+00 a       300     0    12     1    25
 -5.4535312210147555E-02 a       301     0    13     1     1
  5.6796320181204152E-01 a       302     0    13     1     2
 -1.5167128148095175E+00 a       303     0    13     1     3
 -7.3584663709960008E-01 a       304     0    13     1     4
 -6.4154779659780470E-01 a       305     0    13     1     5
 -1.2320791502658981E+00 a       306     0    13     1     6
  1.4918565971377962E+00 a       307     0    13     1     7
 -1.8074902453045785E+00 a       308     0    13     1     8
 -4.8513064641973908E-01 a       309     0    13     1     9
 -4.8514376152925143E-01 a       310     0    13     1    10
 -7.9243923718026044E-01 a       311     0    13     1    11
  2.5832947987830029E-01 a       312     0    13     1    12
  1.7615598812597597E+00 a       313     0    13     1    13
 -1.6791258507765858E+00 a       314     0    13     1    14
 -1.0468934885767496E+00 a       315     0    13     1    15
  1.2427454095515067E+00 a       316     0    13     1    16
  1.1593014720010578E-01 a       317     0    13     1    17
  3.8393122976289035E-01 a       318     0    13     1    18
  1.2502301574337918E-02 a       319     0    13     1    19
  4.4739279817433149E+00 a       320     0    13     1    20
  1.2367523061549983E+00 a       321     0    13     1    21
 -1.0842857313432412E+00 a       322     0    13     1    22
  9.5914195526366597E-01 a       323     0    13     1    23
 -2.2753796158113314E-02 a       324     0    13     1    24
  3.6154912746854256E-02 a       325     0    13     1    25
 -4.9630256841077696E+00 a       326     0    14     1     1
 -1.7224304562941724E+00 a       327     0    14     1     2
 -6.3020274277051307E+00 a       328     0    14     1     3
 -1.1372156847623179E+01 a       329     0    14     1     4
  1.8907929740444525E+00 a       330     0    14     1     5
 -5.1891791144150332E+00 a       331     0    14     1     6
  7.3000926298468405E-01 a       332     0    14     1     7
  4.1129429554697357E+00 a       333     0    14     1     8
  3.2019137551620998E+00 a       334     0    14     1     9
  3.6798271760463570E+00 a       335     0    14     1    10
  8.1385550375480573E+00 a       336     0    14     1    11
 -3.4534998808486970E+00 a       337     0    14     1    12
  2.2451590039046465E+00 a       338     0    14     1    13
 -2.1961837940995492E+00 a       339     0    14     1    14
 -1.6717582479659590E-01 a       340     0    14     1    15
  2.1133541958582893E+00 a       341     0    14     1    16
 -2.8301576539472104E+00 a       342     0    14     1    17
  1.1797102640355599E-01 a       343     0    14     1    18
  3.1006768659928872E+00 a       344     0    14     1    19
  9.9858099702174687E+00 a       345     0    14     1    20
  8.6943186719116472E+00 a       346     0    14     1    21
 -1.0612653784682713E+00 a       347     0    14     1    22
  3.7456675541537032E-01 a       348     0    14     1    23
  1.6667983562120428E+00 a       349     0    14     1    24
  1.4632169730627180E+00 a       350     0    14     1    25
  8.0516154094376979E-01 a       351     0    15     1     1
 -1.3033344655070311E+00 a       352     0    15     1     2
 -3.8153437056315009E-01 a       353     0    15     1     3
  4.4892830912081587E+00 a       354     0    15     1     4
  8.6713028115467539E-01 a       355     0    15     1     5
  4.2054319215482616E+00 a       356     0    15     1     6
 -4.5335256978706651E-01 a       357     0    15     1     7
 -1.6281743073907935E+00 a       358     0    15     1     8
 -2.8077754545538274E+00 a       359     0    15     1     9
 -5.4258805000984811E-01 a       360     0    15     1    10
 -2.3311304842591207E+00 a       361     0    15     1    11
  1.6475705833038692E+00 a       362     0    15     1    12
  1.2825376441009231E+00 a       363     0    15     1    13
  1.6506158182829467E+00 a       364     0    15     1    14
  1.4712073350838550E+00 a       365     0    15     1    15
  1.5252895995940383E+00 a       366     0    15     1    16
 -1.0961597270775310E+00 a       367     0    15     1    17
  2.1856315639546140E+00 a       368     0    15     1    18
 -1.3810706669983686E+00 a       369     0    15     1    19
 -5.0302206719658871E-01 a       370     0    15     1    20
 -5.8393668524476841E+00 a       371     0    15     1    21
  8.4387924569811645E-01 a       372     0    15     1    22
 -1.0800695820574411E+00 a       373     0    15     1    23
 -2.2269770264802431E+00 a       374     0    15     1    24
 -4.6718143276435526E+00 a       375     0    15     1    25
 -1.6357020081578975E+00 a       376     0    16     1     1
  2.5017907563715175E-01 a       377     0    16     1     2
  6.1170440567740969E-01 a       378     0    16     1     3
 -3.3254230576113826E+00 a       379     0    16     1     4
  1.7091753189748762E+00 a       380     0    16     1     5
 -3.1179700987356374E-01 a       381     0    16     1     6
 -1.0561538061636349E+00 a       382     0    16     1     7
  6.7150022041523683E-01 a       383     0    16     1     8
  5.2293541439691595E-02 a       384     0    16     1     9
 -8.6215310838453441E-01 a       385     0    16     1    10
  4.3174205193894064E+00 a       386     0    16     1    11
 -7.5394490211422470E-03 a       387     0    16     1    12
  1.8171098210482389E-02 a       388     0    16     1    13
  6.7328831984329718E-01 a       389     0    16     1    14
 -9.8253611944508612E-01 a       390     0    16     1    15
  4.8271373030489378E-01 a       391     0    16     1    16
  1.3885574066842357E+00 a       392     0    16     1    17
  9.0171816876428179E-01 a       393     0    16     1    18
 -3.4316115286800941E-01 a       394     0    16     1    19
 -3.2232382171438427E+00 a       395     0    16     1    20
  1.6252311466697513E+00 a       396     0    16     1    21
  1.8537567740618299E-01 a       397     0    16     1    22
  5.7123459569924340E-01 a       398     0    16     1    23
 -3.3030613658318714E-01 a       399     0    16     1    24
  1.9840477972866040E+00 a       400     0    16     1    25
  1.9238756919961630E+00 a       401     0    17     1     1
  6.9039605132135773E-01 a       402     0    17     1     2
 -7.6769892867559864E-01 a       403     0    17     1     3
 -2.2494884048634076E+00 a       404     0    17     1     4
 -9.8096589085222929E-01 a       405     0    17     1     5
 -3.6368486051666156E+00 a       406     0    17     1     6
  9.9173981127244992E-01 a       407     0    17     1     7
 -1.7419601965011451E+00 a       408     0    17     1     8
  3.4284487764917682E-01 a       409     0    17     1     9
 -1.1582794006927055E+00 a       410     0    17     1    10
 -2.0812161202349704E+00 a       411     0    17     1    11
 -1.5317497394176292E+00 a       412     0    17     1    12
  2.9827838688513114E-01 a       413     0    17     1    13
 -5.4378382604785991E-01 a       414     0    17     1    14
 -1.2096137965525415E+00 a       415     0    17     1    15
 -2.1005323839211404E-01 a       416     0    17     1    16
  9.4695309914788806E-01 a       417     0    17     1    17
 -4.5416999528952690E-01 a       418     0    17     1    18
  1.2341981412344385E+00 a       419     0    17     1    19
  4.4422038780958086E+00 a       420     0    17     1    20
  3.0814996957551006E+00 a       421     0    17     1    21
 -1.0142419028074869E+00 a       422     0    17     1    22
  8.0362498492326140E-01 a       423     0    17     1    23
  9.8195591656200387E-01 a       424     0    17     1    24
  2.5882172223257616E+00 a       425     0    17     1    25
  3.0739628711060846E-01 a       426     0    18     1     1
 -2.0503723574262640E+00 a       427     0    18     1     2
  2.9906960071345290E-01 a       428     0    18     1     3
  1.8333174709546160E-01 a       429     0    18     1     4
  3.7831560236874789E-01 a       430     0    18     1     5
  1.5699220538625664E+00 a       431     0    18     1     6
 -6.5959278219894280E-01 a       432     0    18     1     7
 -2.7734602157516393E+00 a       433     0    18     1     8
 -1.4196928828046806E+00 a       434     0    18     1     9
  2.2485178766761020E+00 a       435     0    18     1    10
 -3.6163372662882991E+00 a       436     0    18     1    11
  2.5758344754491804E+00 a       437     0    18     1    12
 -6.6611505980226715E+00 a       438     0    18     1    13
  4.4240122250842590E-01 a       439     0    18     1    14
  2.5850442439763475E+00 a       440     0    18     1    15
 -1.8850484388259683E+00 a       441     0    18     1    16
  4.3667172831532897E-01 a       442     0    18     1    17
  1.2281390966051966E+00 a       443     0    18     1    18
 -1.3405369094786683E+00 a       444     0    18     1    19
  4.3321272947791813E+00 a       445     0    18     1    20
  1.7471161225773879E+00 a       446     0    18     1    21
  1.5889964886976620E+00 a       447     0    18     1    22
  1.3371510086732548E+00 a       448     0    18     1    23
  1.2112157706314550E+00 a       449     0    18     1    24
 -1.2196914849629492E+00 a       450     0    18     1    25
  1.0443546777703181E+00 a       451     0    19     1     1
 -4.8802722905285062E-01 a       452     0    19     1     2
  9.0034067586609956E-01 a       453     0    19     1     3
  2.0140512651408344E+00 a       454     0    19     1     4
  5.7791725423229134E-01 a       455     0    19     1     5
  1.9748756227721262E+00 a       456     0    19     1     6
 -1.4642439137833518E+00 a       457     0    19     1     7
  1.5873020234425803E+00 a       458     0    19     1     8
  6.6239767555982876E-01 a       459     0    19     1     9
  1.3705516986173931E+00 a       460     0    19     1    10
 -7.9804076521357525E-01 a       461     0    19     1    11
 -5.8365053381805643E-01 a       462     0    19     1    12
 -1.6596372868722709E+00 a       463     0    19     1    13
  1.8847533914628600E+00 a       464     0    19     1    14
  1.2942891782110455E+00 a       465     0    19     1    15
 -1.3690940003963421E+00 a       466     0    19     1    16
 -3.5613568700896292E-01 a       467     0    19     1    17
 -1.0588236531027824E+00 a       468     0    19     1    18
  7.6387183091999056E-01 a       469     0    19     1    19
 -2.3935329999374413E+00 a       470     0    19     1    20
 -3.3318726371245564E+00 a       471     0    19     1    21
  1.1279411442427683E+00 a       472     0    19     1    22
 -1.2084453593850784E+00 a       473     0    19     1    23
 -6.6440146664901956E-01 a       474     0    19     1    24
 -1.5509104639723694E+00 a       475     0    19     1    25
  1.3268946194720488E+00 a       476     0    20     1     1
  4.7711976084276370E-01 a       477     0    20     1     2
  1.0894187442221703E+00 a       478     0    20     1     3
  5.8044992659154868E+00 a       479     0    20     1     4
 -2.9537812965732019E-01 a       480     0    20     1     5
  3.4880658737884258E+00 a       481     0    20     1     6
 -1.8908607165280411E+00 a       482     0    20     1     7
  4.8714955413725125E+00 a       483     0    20     1     8
  1.8019107196564086E+00 a       484     0    20     1     9
 -3.3433037629275203E-01 a       485     0    20     1    10
 -8.5705465424227700E-01 a       486     0    20     1    11
 -2.5220950412972289E+00 a       487     0    20     1    12
  2.7904441152032313E+00 a       488     0    20     1    13
  2.7471769914682445E+00 a       489     0    20     1    14
  2.2684164475457527E-01 a       490     0    20     1    15
 -6.8490458446593772E-01 a       491     0    20     1    16
 -2.8671653511605261E-01 a       492     0    20     1    17
 -3.4336367863777655E+00 a       493     0    20     1    18
  2.7221718248989073E+00 a       494     0    20     1    19
 -8.9725401970931049E+00 a       495     0    20     1    20
 -8.2279118290171418E+00 a       496     0    20     1    21
  9.2652889099395908E-01 a       497     0    20     1    22
 -2.2875881548858401E+00 a       498     0    20     1    23
 -2.3663053021466816E+00 a       499     0    20     1    24
 -2.0314022914944805E+00 a       500     0    20     1    25
  8.4201418825152903E+00 a       501     0    21     1     1
 -2.3607977300308582E+00 a       502     0    21     1     2
 -1.9416484843122759E+00 a       503     0    21     1     3
  1.9944948423784457E+00 a       504     0    21     1     4
  3.9750347861235955E+00 a       505     0    21     1     5
 -4.2863976128380732E-01 a       506     0    21     1     6
 -1.8918166913957077E+00 a       507     0    21     1     7
  7.0129807451882198E-01 a       508     0    21     1     8
 -2.0475181556862858E+00 a       509     0    21     1     9
 -2.4137109052332608E+00 a       510     0    21     1    10
  7.5547675458677874E+00 a       511     0    21     1    11
 -4.3732254356206859E+00 a       512     0    21     1    12
  1.1534044106471710E+00 a       513     0    21     1    13
 -6.3319744043191617E-01 a       514     0    21     1    14
  2.3585824059446279E+00 a       515     0    21     1    15
 -4.4027630522790355E+00 a       516     0    21     1    16
 -2.8540373728913933E+00 a       517     0    21     1    17
 -5.3116807600402449E-01 a       518     0    21     1    18
  9.5086010026788270E-01 a       519     0    21     1    19
  3.6822251717717465E+00 a       520     0    21     1    20
 -3.2739365361012780E+00 a       521     0    21     1    21
  7.8361126035355932E-01 a       522     0    21     1    22
 -6.2336141694364553E+00 a       523     0    21     1    23
  1.5413421616554552E+00 a       524     0    21     1    24
 -3.0540252923355400E+00 a       525     0    21     1    25
 -8.4098192444508546E-01 a       526     0    22     1     1
  3.9691372788560991E-01 a       527     0    22     1     2
  1.2942105711557342E-01 a       528     0    22     1     3
 -3.4007853015728791E+00 a       529     0    22     1     4
  1.1925566223650450E+00 a       530     0    22     1     5
 -1.9888579884404221E+00 a       531     0    22     1     6
 -5.6082867101622420E-02 a       532     0    22     1     7
  1.1937814798681696E+00 a       533     0    22     1     8
  1.1282448730119631E-01 a       534     0    22     1     9
 -4.5993301724839597E-01 a       535     0    22     1    10
  4.6173608326864448E+00 a       536     0    22     1    11
 -7.6843146978232857E-01 a       537     0    22     1    12
  5.9871868385088456E-01 a       538     0    22     1    13
 -1.2673072931127471E-01 a       539     0    22     1    14
 -1.2725634957957710E+00 a       540     0    22     1    15
  4.8444506376974272E-01 a       541     0    22     1    16
  3.3896764441966604E-01 a       542     0    22     1    17
  6.7194916455783760E-01 a       543     0    22     1    18
 -4.2291619439356065E-01 a       544     0    22     1    19
 -2.0690018590031802E+00 a       545     0    22     1    20
  2.3284451449273820E+00 a       546     0    22     1    21
 -2.9532240493740539E-02 a       547     0    22     1    22
 -5.9602763997922847E-01 a       548     0    22     1    23
  6.0101414276099441E-01 a       549     0    22     1    24
  1.8258047527236967E+00 a       550     0    22     1    25
 -7.7550655450779207E+00 a       551     0    23     1     1
  2.0105157461454297E+00 a       552     0    23     1     2
  1.3062004347775111E+00 a       553     0    23     1     3
 -1.5026675625127921E+00 a       554     0    23     1     4
 -4.9729845911695127E+00 a       555     0    23     1     5
 -1.1344725859244371E+00 a       556     0    23     1     6
  3.9818112569747530E+00 a       557     0    23     1     7
 -2.7113593861951601E+00 a       558     0    23     1     8
  4.4064143835018443E-01 a       559     0    23     1     9
  1.1055949406958712E+00 a       560     0    23     1    10
 -9.2665037073079972E+00 a       561     0    23     1    11
  4.7108698810414777E+00 a       562     0    23     1    12
 -1.4297916296719365E-01 a       563     0    23     1    13
 -1.2617255565941742E-02 a       564     0    23     1    14
 -2.3094859524774307E+00 a       565     0    23     1    15
  4.7182690134007199E+00 a       566     0    23     1    16
  2.2224412916260166E+00 a       567     0    23     1    17
  2.2550164996424784E+00 a       568     0    23     1    18
 -1.9385000821373111E+00 a       569     0    23     1    19
  2.6482792833241925E-01 a       570     0    23     1    20
  4.3957876557683777E+00 a       571     0    23     1    21
 -1.8888104630923084E+00 a       572     0    23     1    22
  6.1214859420432175E+00 a       573     0    23     1    23
 -1.3071365453648529E-01 a       574     0    23     1    24
  3.7482838582945428E+00 a       575     0    23     1    25
  9.5210204130354847E-01 a       576     0    24     1     1
 -1.9917115831754608E+00 a       577     0    24     1     2
  3.1923276758810501E-02 a       578     0    24     1     3
 -1.1664704596246340E+00 a       579     0    24     1     4
 -3.6960263135254650E+00 a       580     0    24     1     5
 -1.7741409891144893E+00 a       581     0    24     1     6
 -3.0105151515744455E-01 a       582     0    24     1     7
 -2.1130316200782171E+00 a       583     0    24     1     8
 -1.7536092942761130E+00 a       584     0    24     1     9
  1.8605225744989780E+00 a       585     0    24     1    10
  8.8882698884503744E-02 a       586     0    24     1    11
 -7.4194453744367672E-02 a       587     0    24     1    12
 -1.9297173866740192E+00 a       588     0    24     1    13
 -9.8084341055262880E-01 a       589     0    24     1    14
  1.5133180271748110E+00 a       590     0    24     1    15
 -9.6866937678530285E-01 a       591     0    24     1    16
 -2.3622190210871311E-01 a       592     0    24     1    17
 -1.4907726630873419E-01 a       593     0    24     1    18
  8.6823744049595664E-01 a       594     0    24     1    19
  3.4722903543352439E+00 a       595     0    24     1    20
  1.5005780538324194E+00 a       596     0    24     1    21
  1.2815665509689136E-01 a       597     0    24     1    22
 -7.6718686450902540E-01 a       598     0    24     1    23
 -5.4164411194338724E-01 a       599     0    24     1    24
 -2.0753662157767877E-01 a       600     0    24     1    25
 -1.1438598975566778E+00 a       601     0    25     1     1
  3.2963855880739708E+00 a       602     0    25     1     2
 -3.4148211274995743E-01 a       603     0    25     1     3
  2.3797090299446437E+00 a       604     0    25     1     4
  5.1425267413791209E+00 a       605     0    25     1     5
  2.8947334880124420E+00 a       606     0    25     1     6
  1.2562095712826802E+00 a       607     0    25     1     7
  4.0505040770644776E+00 a       608     0    25     1     8
  2.6733181773137105E+00 a       609     0    25     1     9
 -2.8518745512616652E+00 a       610     0    25     1    10
  6.1090777984823798E-02 a       611     0    25     1    11
 -7.0507479099181314E-01 a       612     0    25     1    12
  3.0409071354726103E+00 a       613     0    25     1    13
  1.7546254964828794E+00 a       614     0    25     1    14
 -2.6632537962388114E+00 a       615     0    25     1    15
  9.2202945249820012E-01 a       616     0    25     1    16
 -3.3458500123081186E-01 a       617     0    25     1    17
 -4.8911268369686511E-01 a       618     0    25     1    18
 -2.2119251955578294E+00 a       619     0    25     1    19
 -6.2861045766569381E+00 a       620     0    25     1    20
 -2.7120406944609332E+00 a       621     0    25     1    21
  2.8661519751116660E-01 a       622     0    25     1    22
  1.1685420064721326E+00 a       623     0    25     1    23
  6.2752120583919435E-01 a       624     0    25     1    24
  4.8689720085955035E-01 a       625     0    25     1    25
  2.8790122691625408E-01 a       626     0    26     1     1
 -1.3549365972053866E+00 a       627     0    26     1     2
  2.9300574852917094E-01 a       628     0    26     1     3
 -1.2068715262355358E+00 a       629     0    26     1     4
 -1.7431236618196357E+00 a       630     0    26     1     5
 -1.2361432115876683E+00 a       631     0    26     1     6
 -8.9872165036483331E-01 a       632     0    26     1     7
 -1.8838576993822422E+00 a       633     0    26     1     8
 -1.0376410111896646E+00 a       634     0    26     1     9
  1.0890747847763433E+00 a       635     0    26     1    10
 -1.4386687007989502E-01 a       636     0    26     1    11
  5.7787353856216483E-01 a       637     0    26     1    12
 -1.2028136687187658E+00 a       638     0    26     1    13
 -8.1732982450378744E-01 a       639     0    26     1    14
  1.2469277346652488E+00 a       640     0    26     1    15
 -1.5245390640079640E-02 a       641     0    26     1    16
  4.0888469834847713E-01 a       642     0    26     1    17
  5.7105431010491436E-01 a       643     0    26     1    18
  1.3102439642743693E+00 a       644     0    26     1    19
  2.8825807032535011E+00 a       645     0    26     1    20
  1.1999362463314127E+00 a       646     0    26     1    21
 -3.6158846086622787E-01 a       647     0    26     1    22
 -4.6829116589999897E-01 a       648     0    26     1    23
 -1.3535741790546368E-01 a       649     0    26     1    24
 -2.7296724313225668E-01 a       650     0    26     1    25
  4.2763256743723638E-02 b       651     1     1
  2.3238150118320887E-02 b       652     1     2
 -2.2711906296195564E-01 b       653     1     3
 -1.5081826888797600E-01 b       654     1     4
  1.8543189298167181E-01 b       655     1     5
  4.3821182760890204E-01 b       656     1     6
  1.5368067973544969E-01 b       657     1     7
 -5.4206019046448527E-03 b       658     1     8
  2.0275295971323973E-01 b       659     1     9
  5.5597210411041563E-02 b       660     1    10
  4.7995885186198534E-01 b       661     1    11
 -2.3452958699160437E-01 b       662     1    12
 -7.3048256224550301E-02 b       663     1    13
 -1.6916541548951652E-01 b       664     1    14
 -1.6000710467912377E-01 b       665     1    15
 -6.9848423863045683E-02 b       666     1    16
 -7.7206473967048952E-02 b       667     1    17
 -2.0640239137996849E-01 b       668     1    18
  2.2812269783873512E-01 b       669     1    19
  6.7934066043394331E-02 b       670     1    20
 -1.9279133085872399E-01 b       671     1    21
 -1.3451069577108624E-01 b       672     1    22
  1.6605071085953338E-01 b       673     1    23
  4.0837238249958052E-02 b       674     1    24
 -1.0898623274192595E-03 b       675     1    25
  7.5057732061642818E-02 a       676     1     1     2     1
 -2.7797359291617263E-01 a       677     1     1     2     2
 -8.1672467162368853E-02 a       678     1     1     2     3
 -5.3061981607867226E-01 a       679     1     1     2     4
 -4.0390945779592463E-01 a       680     1     1     2     5
  1.3009412564062980E-01 a       681     1     1     2     6
 -4.1669748272080431E-01 a       682     1     1     2     7
 -9.9382964859515394E-02 a       683     1     1     2     8
  7.5343541240162892E-01 a       684     1     1     2     9
  3.6146839384395300E-02 a       685     1     1     2    10
  2.5596590642927458E-01 a       686     1     1     2    11
 -5.0319346895759051E-02 a       687     1     1     2    12
  1.5720486313680609E-01 a       688     1     1     2    13
  5.5479950443911830E-01 a       689     1     1     2    14
 -1.3904835979025790E-01 a       690     1     1     2    15
  7.4876159285800756E-02 a       691     1     1     2    16
  3.0928485608993206E-01 a       692     1     1     2    17
 -4.2145672296881785E-02 a       693     1     1     2    18
  4.9273040216665193E-01 a       694     1     1     2    19
  1.0167730135137454E+00 a       695     1     1     2    20
 -5.3626127409471458E-01 a       696     1     1     2    21
  1.4430797185129635E-01 a       697     1     1     2    22
  9.7999698408025371E-01 a       698     1     1     2    23
 -2.2321400248394636E-02 a       699     1     1     2    24
  1.5092496881311845E-01 a       700     1     1     2    25
  1.7551139542330782E-01 a       701     1     2     2     1
  3.7144144392896174E-03 a       702     1     2     2     2
 -2.1734195081050515E-02 a       703     1     2     2     3
 -3.8627331959174060E-02 a       704     1     2     2     4
 -3.1963711853736654E-01 a       705     1     2     2     5
  2.9813805537313387E-01 a       706     1     2     2     6
  4.2433189707162972E-01 a       707     1     2     2     7
  2.0003267825285978E-01 a       708     1     2     2     8
 -2.8738129514279764E-01 a       709     1     2     2     9
  3.8719365171864634E-01 a       710     1     2     2    10
 -8.4360302221369327E-03 a       711     1     2     2    11
 -1.2689664476984955E-01 a       712     1     2     2    12
 -2.5475812438648410E-01 a       713     1     2     2    13
  2.2371511861422652E-01 a       714     1     2     2    14
 -2.1654607801488965E-01 a       715     1     2     2    15
  2.2340387439533993E-01 a       716     1     2     2    16
  1.0128704756951952E-01 a       717     1     2     2    17
 -8.1021624393998307E-02 a       718     1     2     2    18
 -1.3834313422135780E-02 a       719     1     2     2    19
 -9.0579366622915791E-01 a       720     1     2     2    20
  2.0924810659713280E-01 a       721     1     2     2    21
 -3.4605737297727251E-01 a       722     1     2     2    22
  2.4999877050953162E-01 a       723     1     2     2    23
 -1.0869129412736128E-01 a       724     1     2     2    24
  5.3551693724303284E-01 a       725     1     2     2    25
  1.0755382775236660E-01 a       726     1     3     2     1
  3.6277104593997106E-01 a       727     1     3     2     2
  5.6263880368341657E-01 a       728     1     3     2     3
  3.8629844202497721E-01 a       729     1     3     2     4
 -5.9800397365634173E-01 a       730     1     3     2     5
  1.9902886048890442E-01 a       731     1     3     2     6
  1.1017720095107915E+00 a       732     1     3     2     7
  9.9846465633708625E-01 a       733     1     3     2     8
 -2.5455360106132710E-02 a       734     1     3     2     9
 -2.5436877085941295E-01 a       735     1     3     2    10
  4.6650234333281126E-01 a       736     1     3     2    11
  1.4007409649476482E-01 a       737     1     3     2    12
 -5.7952518749831150E-01 a       738     1     3     2    13
  9.2433321889877240E-01 a       739     1     3     2    14
  7.6970104916761073E-01 a       740     1     3     2    15
 -6.1733126322611062E-02 a       741     1     3     2    16
 -3.7981023465626373E-01 a       742     1     3     2    17
  4.1476603346900870E-02 a       743     1     3     2    18
 -2.1468440451817713E-03 a       744     1     3     2    19
  3.3801526965502440E-02 a       745     1     3     2    20
  3.7602390299171218E-01 a       746     1     3     2    21
 -1.8645240233146287E-01 a       747     1     3     2    22
 -7.7689990931845643E-01 a       748     1     3     2    23
 -8.7523714741380287E-01 a       749     1     3     2    24
  1.6748833778540281E-01 a       750     1     3     2    25
  4.2509381849490935E-01 a       751     1     4     2     1
  8.3945173890016628E-02 a       752     1     4     2     2
 -4.6354501002649218E-01 a       753     1     4     2     3
  5.4368301302793583E-02 a       754     1     4     2     4
  1.1757470018152952E-01 a       755     1     4     2     5
  8.0503453604764741E-02 a       756     1     4     2     6
  2.1128980438940867E-01 a       757     1     4     2     7
 -3.6361731123830948E-01 a       758     1     4     2     8
  5.8805103607710418E-01 a       759     1     4     2     9
  5.4215112234231599E-01 a       760     1     4     2    10
  9.9955861131008877E-02 a       761     1     4     2    11
 -2.5575251339457830E-02 a       762     1     4     2    12
 -9.4141445603912924E-02 a       763     1     4     2    13
 -3.7784018281198106E-01 a       764     1     4     2    14
 -1.2182389296453953E+00 a       765     1     4     2    15
 -4.1088161153176372E-01 a       766     1     4     2    16
  3.8441648741478524E-01 a       767     1     4     2    17
  6.0740597771443222E-02 a       768     1     4     2    18
 -1.7421939744244602E-01 a       769     1     4     2    19
 -1.7240746860650935E-01 a       770     1     4     2    20
  6.4736541468428455E-01 a       771     1     4     2    21
 -1.5732010553289780E-01 a       772     1     4     2    22
  3.3269453089182215E-02 a       773     1     4     2    23
 -4.1771235749309132E-01 a       774     1     4     2    24
 -5.5513058780723612E-01 a       775     1     4     2    25
 -2.4578809015450870E-01 a       776     1     5     2     1
  1.9707407654383668E-01 a       777     1     5     2     2
 -3.2516220042110239E-01 a       778     1     5     2     3
  3.3893148664699550E-02 a       779     1     5     2     4
  4.6613499865860407E-02 a       780     1     5     2     5
  2.3128568985751272E-01 a       781     1     5     2     6
 -1.0075821944493593E-01 a       782     1     5     2     7
 -1.6789838887552672E-01 a       783     1     5     2     8
 -1.7930933595064261E-01 a       784     1     5     2     9
  8.8534689207515990E-02 a       785     1     5     2    10
  6.4129696672910991E-02 a       786     1     5     2    11
 -2.2936690932867410E-01 a       787     1     5     2    12
 -3.8294481268314057E-02 a       788     1     5     2    13
  3.4597927811121604E-01 a       789     1     5     2    14
 -7.3142154272868032E-01 a       790     1     5     2    15
 -1.1788415622419581E+00 a       791     1     5     2    16
 -2.8505564078149043E-01 a       792     1     5     2    17
  2.3656921256381958E-01 a       793     1     5     2    18
  3.5649882400804267E-01 a       794     1     5     2    19
  5.1992318452923225E-01 a       795     1     5     2    20
  3.9119257512005812E-01 a       796     1     5     2    21
  8.4490720006297801E-02 a       797     1     5     2    22
  8.7774034956265035E-01 a       798     1     5     2    23
 -1.4133579844810970E-01 a       799     1     5     2    24
  2.9095960153192602E-01 a       800     1     5     2    25
  1.4351431257369115E-02 a       801     1     6     2     1
  3.2281813400060796E-02 a       802     1     6     2     2
 -2.1491152778907927E-01 a       803     1     6     2     3
 -5.4436333903109042E-02 a       804     1     6     2     4
 -5.8488597347802651E-01 a       805     1     6     2     5
 -3.1977587447521638E-01 a       806     1     6     2     6
  6.3869986172703974E-01 a       807     1     6     2     7
 -6.2292728828435340E-01 a       808     1     6     2     8
  1.2199240901489885E+00 a       809     1     6     2     9
  8.2837847085076827E-02 a       810     1     6     2    10
  3.5703405924778486E-01 a       811     1     6     2    11
  4.2587331115661409E-01 a       812     1     6     2    12
 -7.1263547585108708E-02 a       813     1     6     2    13
 -1.6137604572486583E-01 a       814     1     6     2    14
  1.3468014406155440E-01 a       815     1     6     2    15
  1.0889514702892254E-01 a       816     1     6     2    16
 -1.7021115679083706E-01 a       817     1     6     2    17
  1.3578287034297021E-01 a       818     1     6     2    18
  4.0029613953071502E-01 a       819     1     6     2    19
 -2.8850281114763282E-01 a       820     1     6     2    20
  2.8285746267781492E-01 a       821     1     6     2    21
 -9.4953850619330427E-02 a       822     1     6     2    22
 -2.1040298354036421E-01 a       823     1     6     2    23
  1.5675658555506497E-01 a       824     1     6     2    24
  2.0516291684859780E-01 a       825     1     6     2    25
  2.1952720969777212E-01 a       826     1     7     2     1
  3.0874785164258428E-01 a       827     1     7     2     2
  2.4253494526734762E-01 a       828     1     7     2     3
 -2.0737986887964638E-01 a       829     1     7     2     4
  1.2572072142513810E-01 a       830     1     7     2     5
 -1.2425642734257170E-01 a       831     1     7     2     6
 -1.5730064838609017E-01 a       832     1     7     2     7
 -1.0855915025146521E+00 a       833     1     7     2     8
  1.2251569230988829E-01 a       834     1     7     2     9
  5.9614728238646464E-01 a       835     1     7     2    10
  7.3021223178678332E-02 a       836     1     7     2    11
  1.2275809305381925E-01 a       837     1     7     2    12
 -1.4796199024826562E-01 a       838     1     7     2    13
  7.1182037044993618E-01 a       839     1     7     2    14
 -7.8496361248260449E-01 a       840     1     7     2    15
  1.8807292292086145E-01 a       841     1     7     2    16
  3.8173887562713321E-01 a       842     1     7     2    17
 -2.1938763884947643E-01 a       843     1     7     2    18
  2.8097444044976942E-02 a       844     1     7     2    19
  2.9772141909351035E-01 a       845     1     7     2    20
  5.4922512603164664E-01 a       846     1     7     2    21
  1.4688728314566596E-01 a       847     1     7     2    22
  4.4467081295291211E-01 a       848     1     7     2    23
 -1.0724228712019090E-01 a       849     1     7     2    24
  3.0751498216817447E-01 a       850     1     7     2    25
  3.0332241246682856E-01 a       851     1     8     2     1
 -4.9032968548918296E-02 a       852     1     8     2     2
  1.5384479772478374E-01 a       853     1     8     2     3
 -7.9587486094723525E-01 a       854     1     8     2     4
 -3.3937296438706210E-01 a       855     1     8     2     5
  3.9333879913225511E-01 a       856     1     8     2     6
  2.3524814578198910E-01 a       857     1     8     2     7
  1.0406484017187792E-01 a       858     1     8     2     8
  9.1628176735091516E-01 a       859     1     8     2     9
 -4.8623037944273528E-02 a       860     1     8     2    10
  6.0124814906817793E-02 a       861     1     8     2    11
 -2.9251090967332583E-02 a       862     1     8     2    12
  1.9017535867433322E-01 a       863     1     8     2    13
  2.9174384424391159E-01 a       864     1     8     2    14
 -6.7792427412562284E-01 a       865     1     8     2    15
  1.0787068115427234E-01 a       866     1     8     2    16
 -3.2581653946066186E-01 a       867     1     8     2    17
  3.1256874646100391E-01 a       868     1     8     2    18
 -1.2374643174011907E-01 a       869     1     8     2    19
 -1.6916462481364528E-01 a       870     1     8     2    20
 -2.1701102715193721E-01 a       871     1     8     2    21
 -7.2626434656854144E-02 a       872     1     8     2    22
 -1.2597102729870346E+00 a       873     1     8     2    23
  1.3488511144518073E-01 a       874     1     8     2    24
 -6.8318103132458496E-01 a       875     1     8     2    25
 -1.5832103986106313E-01 a       876     1     9     2     1
 -1.4918542913204541E-01 a       877     1     9     2     2
 -3.0419709692675689E-01 a       878     1     9     2     3
  6.7688698342126219E-01 a       879     1     9     2     4
  4.4270126720610437E-01 a       880     1     9     2     5
 -1.4218565977551784E-01 a       881     1     9     2     6
  4.5783770124676682E-01 a       882     1     9     2     7
  1.3034500224068961E+00 a       883     1     9     2     8
 -7.7113501292157427E-01 a       884     1     9     2     9
 -2.0635079106354348E-01 a       885     1     9     2    10
  1.8511053853693843E-01 a       886     1     9     2    11
  1.9628146991422496E-01 a       887     1     9     2    12
  5.0173440168478800E-02 a       888     1     9     2    13
  1.6977872472365929E-01 a       889     1     9     2    14
  2.2044315353586635E-01 a       890     1     9     2    15
 -6.8014409730681166E-02 a       891     1     9     2    16
  3.2389825963541519E-01 a       892     1     9     2    17
 -3.2677610566316412E-01 a       893     1     9     2    18
 -1.0079841468704148E-01 a       894     1     9     2    19
  3.5062985025251769E-01 a       895     1     9     2    20
 -5.2820192490640232E-02 a       896     1     9     2    21
  1.8603037082623669E-01 a       897     1     9     2    22
  5.2082882138057611E-02 a       898     1     9     2    23
 -5.4973974676788517E-01 a       899     1     9     2    24
  1.9353300480276614E-01 a       900     1     9     2    25
 -2.1759056849337025E-01 a       901     1    10     2     1
  3.1602726076230506E-02 a       902     1    10     2     2
  4.0287065709606346E-01 a       903     1    10     2     3
 -5.5472984923567636E-01 a       904     1    10     2     4
 -3.9558861009253550E-02 a       905     1    10     2     5
 -3.0360204055475742E-01 a       906     1    10     2     6
  3.1159768870980037E-01 a       907     1    10     2     7
 -1.5113310371681050E+00 a       908     1    10     2     8
 -9.8467901411396552E-01 a       909     1    10     2     9
 -1.5870093183929895E-01 a       910     1    10     2    10
  6.1194550884129794E-03 a       911     1    10     2    11
 -3.8880850172855946E-01 a       912     1    10     2    12
 -1.6179253635569885E-01 a       913     1    10     2    13
 -6.2631363708255783E-01 a       914     1    10     2    14
  2.5186046124349888E-02 a       915     1    10     2    15
 -4.1793146690860428E-01 a       916     1    10     2    16
 -1.2644555524573506E-01 a       917     1    10     2    17
  3.1965705219650517E-02 a       918     1    10     2    18
 -2.4673842213336963E-01 a       919     1    10     2    19
 -2.8836158766185883E-02 a       920     1    10     2    20
  4.2411239094000942E-02 a       921     1    10     2    21
 -1.6448593245203669E-01 a       922     1    10     2    22
 -8.4126702120884099E-03 a       923     1    10     2    23
 -1.6996886404374742E-01 a       924     1    10     2    24
 -4.3209497546215059E-02 a       925     1    10     2    25
 -2.6563812088479316E-01 a       926     1    11     2     1
 -1.1970414088842334E-01 a       927     1    11     2     2
 -4.5267175672386423E-01 a       928     1    11     2     3
  1.0622743261253947E-01 a       929     1    11     2     4
  4.6235493580549963E-01 a       930     1    11     2     5
  5.1493936267255425E-01 a       931     1    11     2     6
  1.1072753151286521E+00 a       932     1    11     2     7
 -9.1475329855391474E-02 a       933     1    11     2     8
  2.7877388257292057E-01 a       934     1    11     2     9
 -2.1771854391584741E-01 a       935     1    11     2    10
 -6.2432619542262806E-02 a       936     1    11     2    11
  2.1727281161604522E-01 a       937     1    11     2    12
  4.4553649402108936E-01 a       938     1    11     2    13
  3.2886844634978957E-01 a       939     1    11     2    14
 -6.2385021901424886E-01 a       940     1    11     2    15
  8.5434873399537637E-03 a       941     1    11     2    16
 -3.7789629312343143E-01 a       942     1    11     2    17
  2.4805367014805649E-01 a       943     1    11     2    18
  5.0616868531788528E-01 a       944     1    11     2    19
  1.3173142230344620E-01 a       945     1    11     2    20
 -1.0285870066539272E-01 a       946     1    11     2    21
 -6.0034664205972595E-02 a       947     1    11     2    22
 -3.4040751321912299E-01 a       948     1    11     2    23
 -7.2946351414339639E-01 a       949     1    11     2    24
 -9.2545734498295473E-01 a       950     1    11     2    25
  2.1906200722003075E-01 a       951     1    12     2     1
 -1.4808252694874616E-01 a       952     1    12     2     2
 -3.9527994289309498E-01 a       953     1    12     2     3
 -6.3195032113904581E-01 a       954     1    12     2     4
 -4.0349080715897728E-01 a       955     1    12     2     5
 -3.0594855489779166E-01 a       956     1    12     2     6
 -1.3472909534913449E-01 a       957     1    12     2     7
  1.5418391275694880E+00 a       958     1    12     2     8
 -1.0383310241934421E-01 a       959     1    12     2     9
  1.5326217865439201E-01 a       960     1    12     2    10
  1.2263397723441954E-01 a       961     1    12     2    11
  1.9202878848633329E-01 a       962     1    12     2    12
 -4.8816566495742214E-01 a       963     1    12     2    13
  8.6985757487945112E-02 a       964     1    12     2    14
  5.0041234615840924E-01 a       965     1    12     2    15
  5.7714176180378118E-01 a       966     1    12     2    16
  4.3178594018276073E-01 a       967     1    12     2    17
 -1.7651491576270084E-01 a       968     1    12     2    18
  1.6107175723259659E-01 a       969     1    12     2    19
  3.4823259279467622E-01 a       970     1    12     2    20
 -3.4664724369450600E-01 a       971     1    12     2    21
 -1.9598025496266683E-01 a       972     1    12     2    22
 -1.0485383457995849E+00 a       973     1    12     2    23
  1.0625781116408526E+00 a       974     1    12     2    24
 -4.5248388527807287E-01 a       975     1    12     2    25
  3.0547312797608763E-04 a       976     1    13     2     1
 -2.2069572432727397E-01 a       977     1    13     2     2
  3.5672684822957879E-01 a       978     1    13     2     3
 -2.8536839685642701E-01 a       979     1    13     2     4
 -3.7646722912445957E-01 a       980     1    13     2     5
 -2.3023721927865232E-01 a       981     1    13     2     6
  8.0906376369322908E-02 a       982     1    13     2     7
  6.3549032711069720E-01 a       983     1    13     2     8
  1.0324986787810604E+00 a       984     1    13     2     9
  5.5043934307097897E-01 a       985     1    13     2    10
  1.8869351277840385E-01 a       986     1    13     2    11
 -2.5432934577727540E-02 a       987     1    13     2    12
  5.2433320517724991E-01 a       988     1    13     2    13
  5.0983482571163430E-01 a       989     1    13     2    14
 -1.4174225296659997E+00 a       990     1    13     2    15
 -3.0526778183328873E-01 a       991     1    13     2    16
 -1.9006374700263068E-01 a       992     1    13     2    17
  1.4772402283611605E-02 a       993     1    13     2    18
  3.9056310722968185E-01 a       994     1    13     2    19
 -2.5411479003849713E-01 a       995     1    13     2    20
  3.9017374288738371E-01 a       996     1    13     2    21
 -6.5989346787733461E-01 a       997     1    13     2    22
  1.7535918142941453E+00 a       998     1    13     2    23
 -8.0613252766488819E-01 a       999     1    13     2    24
  2.3300224563732697E-01 a      1000     1    13     2    25
  1.9924606468828204E-01 a      1001     1    14     2     1
 -1.5457365469201853E-01 a      1002     1    14     2     2
 -2.0875657666299735E-01 a      1003     1    14     2     3
  2.4414088329106114E-02 a      1004     1    14     2     4
 -8.4699886430298910E-02 a      1005     1    14     2     5
 -7.3572127226571318E-02 a      1006     1    14     2     6
 -4.2326608561468686E-02 a      1007     1    14     2     7
  4.1683809004455641E-01 a      1008     1    14     2     8
 -2.8101006603901568E-01 a      1009     1    14     2     9
 -3.8077685076794388E-01 a      1010     1    14     2    10
 -7.0945873731530676E-02 a      1011     1    14     2    11
  8.1466432054671731E-02 a      1012     1    14     2    12
 -3.7574915457293662E-02 a      1013     1    14     2    13
 -1.0773457039704755E-01 a      1014     1    14     2    14
 -3.3722946209095425E-02 a      1015     1    14     2    15
 -4.2096342600489767E-01 a      1016     1    14     2    16
  1.0821757791647414E-01 a      1017     1    14     2    17
 -1.4420528165528892E-01 a      1018     1    14     2    18
 -4.0286802613183695E-02 a      1019     1    14     2    19
 -2.4506084655558591E-01 a      1020     1    14     2    20
  1.4793439270484618E-01 a      1021     1    14     2    21
 -3.1900643864081403E-02 a      1022     1    14     2    22
  2.8186862378004229E-01 a      1023     1    14     2    23
 -6.9480653847010909E-01 a      1024     1    14     2    24
  1.4006125547518744E-01 a      1025     1    14     2    25
 -9.3816367706455513E-03 a      1026     1    15     2     1
 -2.6165419464786216E-01 a      1027     1    15     2     2
 -2.6046813579129602E-01 a      1028     1    15     2     3
  1.2028545641088672E-02 a      1029     1    15     2     4
  2.7040600701749579E-01 a      1030     1    15     2     5
 -3.1602140415461838E-01 a      1031     1    15     2     6
  3.6596411259826683E-01 a      1032     1    15     2     7
 -1.0451628195343558E-01 a      1033     1    15     2     8
 -6.7040104326291061E-01 a      1034     1    15     2     9
  5.7143613697115611E-02 a      1035     1    15     2    10
 -1.7442551779863087E-03 a      1036     1    15     2    11
 -9.3405538798996948E-02 a      1037     1    15     2    12
  1.8646596614472877E-01 a      1038     1    15     2    13
  2.2618295912225658E-01 a      1039     1    15     2    14
 -3.8115964243949202E-01 a      1040     1    15     2    15
 -1.0703681601567363E+00 a      1041     1    15     2    16
  4.7251163329001422E-01 a      1042     1    15     2    17
 -2.2720707653867769E-01 a      1043     1    15     2    18
  1.1456641820252675E-01 a      1044     1    15     2    19
  1.6003837618667510E-01 a      1045     1    15     2    20
  3.7500171991532200E-01 a      1046     1    15     2    21
  1.2019485995586994E-01 a      1047     1    15     2    22
  6.0293875658797635E-01 a      1048     1    15     2    23
  8.9587505308524107E-02 a      1049     1    15     2    24
  4.3656842953146015E-02 a      1050     1    15     2    25
 -1.6652931040732996E-01 a      1051     1    16     2     1
 -1.9949968200078710E-01 a      1052     1    16     2     2
 -7.6897323258344918E-02 a      1053     1    16     2     3
  1.3526701240469685E-01 a      1054     1    16     2     4
  4.9687483608586414E-01 a      1055     1    16     2     5
 -5.3631792561810321E-01 a      1056     1    16     2     6
  4.3142841439016405E-01 a      1057     1    16     2     7
  1.7715776540862557E-01 a      1058     1    16     2     8
  4.3681243743060305E-01 a      1059     1    16     2     9
  4.4152815206872913E-02 a      1060     1    16     2    10
  2.1379673158808460E-01 a      1061     1    16     2    11
  2.0689177256395325E-01 a      1062     1    16     2    12
 -8.9121566496363764E-04 a      1063     1    16     2    13
 -2.7454919352877760E-01 a      1064     1    16     2    14
 -7.5032743799049095E-01 a      1065     1    16     2    15
  2.2462655159807382E-01 a      1066     1    16     2    16
  5.6688427283777501E-02 a      1067     1    16     2    17
 -1.1787428879595868E-01 a      1068     1    16     2    18
 -1.1506097116524223E-01 a      1069     1    16     2    19
 -5.9015653533692647E-01 a      1070     1    16     2    20
  9.0588264585545447E-02 a      1071     1    16     2    21
  3.2373093969060934E-02 a      1072     1    16     2    22
 -1.4246856439375039E-01 a      1073     1    16     2    23
  3.5632586926233917E-01 a      1074     1    16     2    24
  2.4286037058438500E-01 a      1075     1    16     2    25
  4.4939880673559202E-01 a      1076     1    17     2     1
  5.7268429361638298E-02 a      1077     1    17     2     2
  3.5242385268324378E-01 a      1078     1    17     2     3
 -5.3384021620908426E-02 a      1079     1    17     2     4
 -6.4717879231720365E-01 a      1080     1    17     2     5
 -2.4021628201453479E-01 a      1081     1    17     2     6
  2.0686898721354777E-02 a      1082     1    17     2     7
 -3.5602404724074355E-01 a      1083     1    17     2     8
  2.0299172862720224E-01 a      1084     1    17     2     9
  3.5848146365880196E-01 a      1085     1    17     2    10
 -5.1871628906658689E-02 a      1086     1    17     2    11
  5.0371764608272795E-01 a      1087     1    17     2    12
  2.1771551872064393E-01 a      1088     1    17     2    13
  2.3474045022914816E-01 a      1089     1    17     2    14
  8.7721870145297337E-02 a      1090     1    17     2    15
 -1.3593974038729509E-01 a      1091     1    17     2    16
  4.4369615869228213E-01 a      1092     1    17     2    17
 -1.4863218400032682E-01 a      1093     1    17     2    18
  8.6777005836147753E-02 a      1094     1    17     2    19
 -2.6040312344367555E-01 a      1095     1    17     2    20
  9.4399051930788555E-02 a      1096     1    17     2    21
 -2.0952871448796409E-01 a      1097     1    17     2    22
  3.1296367006171877E-01 a      1098     1    17     2    23
 -4.5159279925528628E-01 a      1099     1    17     2    24
  4.5895784255779554E-01 a      1100     1    17     2    25
 -1.9538026749700513E-01 a      1101     1    18     2     1
 -2.5522795115811837E-02 a      1102     1    18     2     2
 -1.2254556099134095E-01 a      1103     1    18     2     3
 -1.3103549847759052E-01 a      1104     1    18     2     4
  1.1113977632417839E-01 a      1105     1    18     2     5
 -2.2592541166959915E-01 a      1106     1    18     2     6
  5.2125875013582645E-01 a      1107     1    18     2     7
 -2.5228328026281110E-01 a      1108     1    18     2     8
  5.2855328245863774E-02 a      1109     1    18     2     9
 -2.6148997709897720E-01 a      1110     1    18     2    10
  1.1416273530156860E-02 a      1111     1    18     2    11
  2.9762543441264977E-01 a      1112     1    18     2    12
 -3.2878756449654356E-01 a      1113     1    18     2    13
 -2.9531141143967227E-01 a      1114     1    18     2    14
  8.1872556892829546E-02 a      1115     1    18     2    15
 -4.4302962848381217E-01 a      1116     1    18     2    16
  3.3205321573511670E-01 a      1117     1    18     2    17
 -2.5867318724708277E-01 a      1118     1    18     2    18
  7.9107697023144324E-02 a      1119     1    18     2    19
 -4.8140840489622466E-01 a      1120     1    18     2    20
  7.4269108416923496E-02 a      1121     1    18     2    21
  4.3799091633976783E-01 a      1122     1    18     2    22
 -7.9119720323889553E-01 a      1123     1    18     2    23
 -1.3560946243040826E-02 a      1124     1    18     2    24
  6.0081782942788420E-01 a      1125     1    18     2    25
  4.6769098416312560E-01 a      1126     1    19     2     1
  2.4472518416335398E-01 a      1127     1    19     2     2
 -3.3333229266826875E-01 a      1128     1    19     2     3
 -2.4675955849544171E-01 a      1129     1    19     2     4
 -2.1018627640225987E-01 a      1130     1    19     2     5
  4.8947911668620664E-01 a      1131     1    19     2     6
 -2.4385133639053719E-02 a      1132     1    19     2     7
 -3.7372142995064457E-03 a      1133     1    19     2     8
 -1.6888620483331582E-01 a      1134     1    19     2     9
  2.6553972249161457E-02 a      1135     1    19     2    10
 -9.2472225857486851E-02 a      1136     1    19     2    11
  9.6719792085233819E-02 a      1137     1    19     2    12
  3.2350729891425878E-01 a      1138     1    19     2    13
  1.9340605193673338E-01 a      1139     1    19     2    14
 -3.4298384244567365E-01 a      1140     1    19     2    15
  9.8108338280339535E-01 a      1141     1    19     2    16
  1.5434334389693019E-01 a      1142     1    19     2    17
 -5.5503211555236975E-01 a      1143     1    19     2    18
  8.5737074950626060E-02 a      1144     1    19     2    19
  1.4876335130224747E-01 a      1145     1    19     2    20
 -4.4612964023781154E-01 a      1146     1    19     2    21
  2.2959241691378121E-01 a      1147     1    19     2    22
  1.9399306978821801E-01 a      1148     1    19     2    23
 -4.3230028630496886E-01 a      1149     1    19     2    24
  1.7694798660171374E-01 a      1150     1    19     2    25
 -5.2610272867903277E-02 a      1151     1    20     2     1
 -1.9559228873429449E-01 a      1152     1    20     2     2
  1.6013053686047463E-01 a      1153     1    20     2     3
 -8.9361948939241942E-01 a      1154     1    20     2     4
  1.0880922345661909E-01 a      1155     1    20     2     5
  2.2615672844624549E-01 a      1156     1    20     2     6
  3.4534164389248029E-01 a      1157     1    20     2     7
 -1.4695948655584838E+00 a      1158     1    20     2     8
 -1.9045630738970437E-01 a      1159     1    20     2     9
  3.1597706190731423E-01 a      1160     1    20     2    10
 -3.6405974762364685E-01 a      1161     1    20     2    11
  1.4732563848817390E-01 a      1162     1    20     2    12
  2.1090467220502531E-02 a      1163     1    20     2    13
  4.4203630932546395E-01 a      1164     1    20     2    14
 -9.6707815593530055E-01 a      1165     1    20     2    15
  8.1888810113475208E-01 a      1166     1    20     2    16
  9.8794972081063293E-01 a      1167     1    20     2    17
 -2.2256593938005073E-01 a      1168     1    20     2    18
  2.3881148093473065E-01 a      1169     1    20     2    19
 -1.1289142456653407E+00 a      1170     1    20     2    20
  1.4690756482602974E-01 a      1171     1    20     2    21
  6.1444904994580529E-01 a      1172     1    20     2    22
 -4.4549954615901888E-01 a      1173     1    20     2    23
 -3.8622564047123836E-01 a      1174     1    20     2    24
 -3.7539577241409777E-01 a      1175     1    20     2    25
 -1.7466191639935219E-01 a      1176     1    21     2     1
  1.5211579755139101E-01 a      1177     1    21     2     2
 -3.3258722927326151E-01 a      1178     1    21     2     3
  3.6748825121006995E-01 a      1179     1    21     2     4
  2.1710264306804067E-01 a      1180     1    21     2     5
  5.6491579581170577E-02 a      1181     1    21     2     6
  1.0357694839577943E-01 a      1182     1    21     2     7
  3.3897907543625594E-01 a      1183     1    21     2     8
 -2.3391743179382618E-01 a      1184     1    21     2     9
  1.1794042488068732E-01 a      1185     1    21     2    10
 -8.2195526705172176E-02 a      1186     1    21     2    11
  1.9916268787092037E-01 a      1187     1    21     2    12
 -2.0384505071400591E-02 a      1188     1    21     2    13
 -1.0619032141617339E+00 a      1189     1    21     2    14
  1.6051713867159073E-01 a      1190     1    21     2    15
 -5.5642618616744621E-01 a      1191     1    21     2    16
 -1.5091026248170730E-01 a      1192     1    21     2    17
 -1.1881217040373747E-01 a      1193     1    21     2    18
 -1.5454760820060748E-01 a      1194     1    21     2    19
 -5.8324361175008776E-01 a      1195     1    21     2    20
 -2.1936554308599979E-02 a      1196     1    21     2    21
 -2.6877620093657195E-01 a      1197     1    21     2    22
  8.9332205440249746E-01 a      1198     1    21     2    23
 -2.6360274807262773E-01 a      1199     1    21     2    24
  2.1269813088129441E-01 a      1200     1    21     2    25
  1.0661043863438543E-01 a      1201     1    22     2     1
  3.9119910425605270E-01 a      1202     1    22     2     2
  4.5453787278456953E-01 a      1203     1    22     2     3
  7.2366219425948064E-01 a      1204     1    22     2     4
  5.6230874410865428E-01 a      1205     1    22     2     5
 -9.3440415054010198E-02 a      1206     1    22     2     6
  1.2216266023855495E+00 a      1207     1    22     2     7
  5.6069682214660976E-01 a      1208     1    22     2     8
  3.3231766931938239E-01 a      1209     1    22     2     9
  2.7461608456530678E-01 a      1210     1    22     2    10
  1.7417767022788931E-02 a      1211     1    22     2    11
 -5.9618352021459889E-02 a      1212     1    22     2    12
 -2.3780967305216130E-01 a      1213     1    22     2    13
 -3.0418377643922806E-01 a      1214     1    22     2    14
  5.3901987690359032E-01 a      1215     1    22     2    15
  1.0425024415216164E+00 a      1216     1    22     2    16
  4.1623451340591383E-01 a      1217     1    22     2    17
 -2.3278615662325416E-01 a      1218     1    22     2    18
 -5.0373554011392185E-01 a      1219     1    22     2    19
 -5.0479627735504029E-01 a      1220     1    22     2    20
  4.1643072216556248E-01 a      1221     1    22     2    21
 -3.1598954115753008E-01 a      1222     1    22     2    22
 -9.7745381953524768E-01 a      1223     1    22     2    23
  4.3216833213199696E-01 a      1224     1    22     2    24
  1.5788022334594609E-01 a      1225     1    22     2    25
 -4.7445049803343109E-01 a      1226     1    23     2     1
 -1.4200459820257515E-02 a      1227     1    23     2     2
  9.7595285273455001E-01 a      1228     1    23     2     3
  6.0320071902371786E-01 a      1229     1    23     2     4
 -8.5185591006422590E-02 a      1230     1    23     2     5
 -1.5378104992471450E-01 a      1231     1    23     2     6
 -1.5212116549674679E+00 a      1232     1    23     2     7
  9.0502593704599610E-01 a      1233     1    23     2     8
  1.8803054435740419E-02 a      1234     1    23     2     9
 -1.8439110180552329E-01 a      1235     1    23     2    10
 -3.6585153308337233E-02 a      1236     1    23     2    11
 -2.5918924151575057E-02 a      1237     1    23     2    12
 -6.6389830224598267E-01 a      1238     1    23     2    13
  5.7905984769396075E-02 a      1239     1    23     2    14
  6.9640886037888095E-01 a      1240     1    23     2    15
  5.1023602342919104E-02 a      1241     1    23     2    16
 -5.5801419166754818E-01 a      1242     1    23     2    17
  4.4242528820966270E-01 a      1243     1    23     2    18
 -8.8176557835704716E-01 a      1244     1    23     2    19
 -1.9048361894270407E-01 a      1245     1    23     2    20
  4.2181796224922097E-01 a      1246     1    23     2    21
 -1.3345516338203134E-01 a      1247     1    23     2    22
  1.8362601881526686E-01 a      1248     1    23     2    23
  4.8585043369546993E-01 a      1249     1    23     2    24
  8.4399561781940517E-03 a      1250     1    23     2    25
 -1.6854943762765490E-01 a      1251     1    24     2     1
  6.3617209304122124E-02 a      1252     1    24     2     2
  1.6089436618518432E-01 a      1253     1    24     2     3
 -2.0661391392641190E-01 a      1254     1    24     2     4
 -1.8255734404546833E-01 a      1255     1    24     2     5
 -4.6746528815132032E-01 a      1256     1    24     2     6
 -8.0229382805508820E-01 a      1257     1    24     2     7
  1.2009144255613274E-01 a      1258     1    24     2     8
 -5.7706378910660949E-01 a      1259     1    24     2     9
  5.7483522788816376E-02 a      1260     1    24     2    10
  1.9501676454331535E-01 a      1261     1    24     2    11
  1.5891561501435225E-01 a      1262     1    24     2    12
 -2.6076061711381265E-01 a      1263     1    24     2    13
 -2.6767438588815012E-01 a      1264     1    24     2    14
 -2.8311371920447009E-01 a      1265     1    24     2    15
  1.5854447766182731E+00 a      1266     1    24     2    16
  4.6936677260588172E-01 a      1267     1    24     2    17
 -1.4809276575348473E-01 a      1268     1    24     2    18
  1.3301761153447192E-01 a      1269     1    24     2    19
 -2.2353163133528617E-01 a      1270     1    24     2    20
 -3.4646971817873362E-01 a      1271     1    24     2    21
  1.0450191000808723E-01 a      1272     1    24     2    22
  1.5397639776602294E+00 a      1273     1    24     2    23
  3.9800329438231818E-01 a      1274     1    24     2    24
  4.7157920339286297E-01 a      1275     1    24     2    25
 -9.4077802996659673E-02 a      1276     1    25     2     1
  8.3566005787733794E-02 a      1277     1    25     2     2
 -3.9314858127076452E-01 a      1278     1    25     2     3
 -2.1675339169635296E-01 a      1279     1    25     2     4
  4.1441288856280664E-02 a      1280     1    25     2     5
 -1.2406825511890530E-01 a      1281     1    25     2     6
 -8.1524387076601557E-01 a      1282     1    25     2     7
 -1.0428388463304170E+00 a      1283     1    25     2     8
 -2.7586101650400624E-01 a      1284     1    25     2     9
  4.5023054930178705E-02 a      1285     1    25     2    10
  1.0965122056424720E-01 a      1286     1    25     2    11
 -2.3336882828229638E-01 a      1287     1    25     2    12
  2.0426431485019234E-01 a      1288     1    25     2    13
 -2.3577921456446740E-01 a      1289     1    25     2    14
 -1.5726346259250523E-01 a      1290     1    25     2    15
  3.1077942498535727E-01 a      1291     1    25     2    16
 -4.4364158432490330E-01 a      1292     1    25     2    17
  1.3197548564539216E-02 a      1293     1    25     2    18
  3.1926531183463974E-01 a      1294     1    25     2    19
  1.4493019436273111E-01 a      1295     1    25     2    20
 -6.1363894049825785E-01 a      1296     1    25     2    21
 -2.4178826070623063E-02 a      1297     1    25     2    22
  3.7807433138870777E-01 a      1298     1    25     2    23
  1.7198511897813915E-01 a      1299     1    25     2    24
  4.2855183181607215E-01 a      1300     1    25     2    25
 -4.6483742447747184E-01 b      1301     2     1
  6.7842802962366233E-01 b      1302     2     2
 -1.1771381116269200E-01 b      1303     2     3
 -1.4391062112678807E-01 b      1304     2     4
  1.2468887229714255E-01 b      1305     2     5
  6.0945456413962928E-01 b      1306     2     6
 -3.8702681668226552E-01 b      1307     2     7
  6.0501746622529951E-01 b      1308     2     8
  8.7620583562701512E-02 b      1309     2     9
 -3.7348086459483371E-01 b      1310     2    10
  9.1930798583188300E-01 b      1311     2    11
  2.8163517801664673E-01 b      1312     2    12
  2.3044870622610322E-01 b      1313     2    13
 -4.3157534497532224E-01 b      1314     2    14
  2.8760301946757987E-02 b      1315     2    15
 -4.8127253429126116E-01 b      1316     2    16
 -3.2054746979879742E-02 b      1317     2    17
  1.6499736816938512E-01 b      1318     2    18
 -2.1967736691674547E-01 b      1319     2    19
 -3.8986238653343569E-01 b      1320     2    20
 -6.2993834711237333E-03 b      1321     2    21
 -2.7629878853805806E-01 b      1322     2    22
  6.4239986616468426E-03 b      1323     2    23
  1.0314215173843322E-01 b      1324     2    24
 -2.3594265234478842E-01 b      1325     2    25
  4.3328014753914773E-01 a      1326     2     1     3     1
 -5.9078932703251852E-01 a      1327     2     2     3     1
  1.6321250055720155E-01 a      1328     2     3     3     1
  3.6679753936914272E-01 a      1329     2     4     3     1
 -2.8469827841740941E-01 a      1330     2     5     3     1
 -3.6632727386849862E-01 a      1331     2     6     3     1
  7.1846438970906548E-02 a      1332     2     7     3     1
 -2.0599881077260372E-02 a      1333     2     8     3     1
  1.1695002446604200E-01 a      1334     2     9     3     1
  1.9687079422150300E-01 a      1335     2    10     3     1
 -6.8276710077632441E-01 a      1336     2    11     3     1
 -4.8047456863153509E-01 a      1337     2    12     3     1
 -3.6169928049555922E-01 a      1338     2    13     3     1
 -1.3357183576510481E-01 a      1339     2    14     3     1
 -6.2149417199721654E-02 a      1340     2    15     3     1
  1.7239899540816575E-02 a      1341     2    16     3     1
 -1.3226963567351671E-01 a      1342     2    17     3     1
 -3.4064092765170662E-01 a      1343     2    18     3     1
  2.5500635767675722E-01 a      1344     2    19     3     1
  6.2179641739465732E-02 a      1345     2    20     3     1
 -4.1044802659550565E-02 a      1346     2    21     3     1
  3.8026526473284411E-01 a      1347     2    22     3     1
  2.2080935932124537E-02 a      1348     2    23     3     1
 -7.3855829512203923E-03 a      1349     2    24     3     1
 -1.7747015816889297E-01 a      1350     2    25     3     1
 -1.2343091458111091E+00 b      1351     3     1
