################################################################################
# Neural network connection values (weights and biases).
################################################################################
# Col  Name       Description
################################################################################
# 1    connection Neural network connection value.
# 2    t          Connection type (a = weight, b = bias).
# 3    index      Index enumerating weights.
# 4    l_s        Starting point layer (end point layer for biases).
# 5    n_s        Starting point neuron in starting layer (end point neuron for biases).
# 6    l_e        End point layer.
# 7    n_e        End point neuron in end layer.
################################################################################
#                      1 2         3     4     5     6     7
#             connection t     index   l_s   n_s   l_e   n_e
############################################################
  8.1110265650972480E-01 a         1     0     1     1     1
  2.4343089447579151E+00 a         2     0     1     1     2
  1.6876850447666549E+00 a         3     0     1     1     3
  1.3395618418007160E+00 a         4     0     1     1     4
  2.9088891951728580E-02 a         5     0     1     1     5
  1.3333969629156415E+00 a         6     0     1     1     6
  2.6833538684684068E+00 a         7     0     1     1     7
  7.8660879837811182E-01 a         8     0     1     1     8
  1.8464367261553292E+00 a         9     0     1     1     9
 -3.5269707212242274E+00 a        10     0     1     1    10
  5.1371660073830938E+00 a        11     0     1     1    11
 -3.0335485860266713E+00 a        12     0     1     1    12
  4.8070250209710883E+00 a        13     0     1     1    13
 -3.0818192084298670E+00 a        14     0     1     1    14
 -1.4457647469178254E+00 a        15     0     1     1    15
  3.3068667947421559E+00 a        16     0     1     1    16
 -4.8978250213269101E+00 a        17     0     1     1    17
 -8.1012291149300641E-01 a        18     0     1     1    18
  1.9081075218131271E+00 a        19     0     1     1    19
 -1.4628730288997636E+01 a        20     0     1     1    20
  2.9478479187403206E-01 a        21     0     1     1    21
  9.6753154565473565E-01 a        22     0     1     1    22
 -5.2883958252746099E+00 a        23     0     1     1    23
 -3.4703498855148371E+00 a        24     0     1     1    24
 -5.0709776955640562E+00 a        25     0     1     1    25
  5.4930628889557953E-01 a        26     0     2     1     1
 -1.2604026593858850E+00 a        27     0     2     1     2
 -1.0073275575208057E-01 a        28     0     2     1     3
 -9.3646188679039399E-01 a        29     0     2     1     4
  4.6262052440088480E-01 a        30     0     2     1     5
 -7.1302224424281424E-01 a        31     0     2     1     6
  4.9979910899106822E-01 a        32     0     2     1     7
  5.6306097705059199E-01 a        33     0     2     1     8
  2.7785967103217646E-01 a        34     0     2     1     9
  8.9573215311141174E-01 a        35     0     2     1    10
 -1.0062992664222796E+00 a        36     0     2     1    11
  5.3638725657564512E-01 a        37     0     2     1    12
  6.0892141690032604E-02 a        38     0     2     1    13
  8.4438017328068915E-01 a        39     0     2     1    14
 -1.2819178768041478E-01 a        40     0     2     1    15
 -3.8573326907495503E-01 a        41     0     2     1    16
  1.0794193456299797E+00 a        42     0     2     1    17
  9.0290958971755519E-01 a        43     0     2     1    18
 -1.4208583988438539E+00 a        44     0     2     1    19
  3.6172604340171297E+00 a        45     0     2     1    20
 -3.5057065196570797E-01 a        46     0     2     1    21
 -8.1702786846856712E-01 a        47     0     2     1    22
 -4.4647877127181951E-01 a        48     0     2     1    23
  1.7333032875421037E+00 a        49     0     2     1    24
  2.3252352194092492E+00 a        50     0     2     1    25
 -1.2147379668317906E-01 a        51     0     3     1     1
 -2.6113625024263478E+00 a        52     0     3     1     2
 -7.1863780936033117E-01 a        53     0     3     1     3
 -1.4739548951627166E+00 a        54     0     3     1     4
  9.6440495545729699E-01 a        55     0     3     1     5
 -1.1741067388069877E+00 a        56     0     3     1     6
 -3.8425430618361245E-01 a        57     0     3     1     7
  6.4408337809577734E-02 a        58     0     3     1     8
  9.7625580476481774E-02 a        59     0     3     1     9
  3.8762451275134056E+00 a        60     0     3     1    10
 -3.5400974035443751E+00 a        61     0     3     1    11
  2.3677622368780509E+00 a        62     0     3     1    12
 -2.5311209948607001E+00 a        63     0     3     1    13
  2.2236110307431352E+00 a        64     0     3     1    14
  9.1800800026820373E-01 a        65     0     3     1    15
 -2.2162642864998787E+00 a        66     0     3     1    16
  4.1932356363542906E+00 a        67     0     3     1    17
  1.8703274815286925E+00 a        68     0     3     1    18
 -2.6491193082375366E+00 a        69     0     3     1    19
  1.2957788072576363E+01 a        70     0     3     1    20
 -9.7210410700881522E-01 a        71     0     3     1    21
 -1.6311273646654654E+00 a        72     0     3     1    22
  1.6572295768893219E+00 a        73     0     3     1    23
  4.6646766918167941E+00 a        74     0     3     1    24
  5.9858239751385511E+00 a        75     0     3     1    25
 -1.3987180457391022E+00 a        76     0     4     1     1
 -1.5454834188661697E+00 a        77     0     4     1     2
  1.3137107444649256E+00 a        78     0     4     1     3
 -5.8343803231063751E-01 a        79     0     4     1     4
 -1.1099386756336317E-01 a        80     0     4     1     5
 -8.2671541825324812E-01 a        81     0     4     1     6
 -1.7719438417246769E+00 a        82     0     4     1     7
 -1.1231853648047385E+00 a        83     0     4     1     8
 -2.3200151755750120E+00 a        84     0     4     1     9
 -2.8424723096084388E+00 a        85     0     4     1    10
 -4.3312847538287196E+00 a        86     0     4     1    11
 -2.9197325781314426E-01 a        87     0     4     1    12
 -5.9386554113902852E+00 a        88     0     4     1    13
  2.1937797644927076E-01 a        89     0     4     1    14
 -1.0321188604578382E+00 a        90     0     4     1    15
 -2.6514338344732771E+00 a        91     0     4     1    16
  2.7130451740633861E+00 a        92     0     4     1    17
 -6.0025597764734628E-01 a        93     0     4     1    18
  3.7792667403922415E+00 a        94     0     4     1    19
  2.7628461316116373E+00 a        95     0     4     1    20
 -2.7157688392628958E+00 a        96     0     4     1    21
  8.4154001085468177E-01 a        97     0     4     1    22
  3.3473536059105902E+00 a        98     0     4     1    23
 -1.0374498450653997E+00 a        99     0     4     1    24
 -6.0600837079636873E+00 a       100     0     4     1    25
  1.0261430240627663E+00 a       101     0     5     1     1
  4.6085834259798366E+00 a       102     0     5     1     2
 -2.9043534859005939E+00 a       103     0     5     1     3
  2.3945982222512638E+00 a       104     0     5     1     4
 -1.8651341715612046E+00 a       105     0     5     1     5
  1.7938649675238023E+00 a       106     0     5     1     6
 -1.7448592388983679E+00 a       107     0     5     1     7
 -8.4444030647620805E-01 a       108     0     5     1     8
 -1.8976145629021948E+00 a       109     0     5     1     9
  1.8480158716049073E+00 a       110     0     5     1    10
  3.6350785682741793E+00 a       111     0     5     1    11
 -1.3871646969257674E+00 a       112     0     5     1    12
  5.0875966942752191E+00 a       113     0     5     1    13
 -1.7548070398124671E+00 a       114     0     5     1    14
  3.2155146475902652E+00 a       115     0     5     1    15
  1.4238757520729759E+00 a       116     0     5     1    16
 -2.9858004510981928E+00 a       117     0     5     1    17
 -3.5866485734835978E+00 a       118     0     5     1    18
 -2.7188108416092476E+00 a       119     0     5     1    19
 -6.5264017454915013E+00 a       120     0     5     1    20
  5.3140636911561270E+00 a       121     0     5     1    21
  2.2638045170280789E+00 a       122     0     5     1    22
 -1.2088476942047046E+00 a       123     0     5     1    23
 -1.3752137917556566E+00 a       124     0     5     1    24
  3.7625815305174801E+00 a       125     0     5     1    25
  3.6046261075229546E-01 a       126     0     6     1     1
 -2.6488501559198392E+00 a       127     0     6     1     2
  1.3743682590900117E+00 a       128     0     6     1     3
 -1.3103915859102102E+00 a       129     0     6     1     4
  1.7355166429907991E+00 a       130     0     6     1     5
 -2.1902376781136468E+00 a       131     0     6     1     6
  1.1058498949653861E+00 a       132     0     6     1     7
  7.5973741972200803E-01 a       133     0     6     1     8
  2.4270938095170886E+00 a       134     0     6     1     9
  3.7951249827488411E-02 a       135     0     6     1    10
 -2.0383025335006333E-01 a       136     0     6     1    11
  6.1581024199327916E-01 a       137     0     6     1    12
 -1.4325953603872430E+00 a       138     0     6     1    13
  1.0450444659989739E+00 a       139     0     6     1    14
 -1.8930168403747925E+00 a       140     0     6     1    15
  1.3672964217056385E-01 a       141     0     6     1    16
  4.2630832176612032E-01 a       142     0     6     1    17
  2.5792439520369537E+00 a       143     0     6     1    18
  4.2178104513578718E-01 a       144     0     6     1    19
  3.0520642412815984E+00 a       145     0     6     1    20
 -2.2099680215817195E+00 a       146     0     6     1    21
 -2.0439260042175951E+00 a       147     0     6     1    22
  4.3166069774043742E-01 a       148     0     6     1    23
  8.7501867690183954E-01 a       149     0     6     1    24
 -6.2586802246648454E-01 a       150     0     6     1    25
 -2.9426003140940787E-01 a       151     0     7     1     1
  4.0505850166701929E-01 a       152     0     7     1     2
 -3.5208783616133382E-01 a       153     0     7     1     3
  1.9362332574158031E-01 a       154     0     7     1     4
 -7.1422082502209727E-01 a       155     0     7     1     5
  5.2185902874299683E-01 a       156     0     7     1     6
 -1.7297121211078501E-01 a       157     0     7     1     7
 -8.9532238961889873E-02 a       158     0     7     1     8
 -6.1901183701041163E-01 a       159     0     7     1     9
 -1.0927906454228248E-01 a       160     0     7     1    10
  1.2864600202543117E-01 a       161     0     7     1    11
 -1.1571468033731798E-01 a       162     0     7     1    12
  4.3736514523489306E-01 a       163     0     7     1    13
 -5.0329826028842388E-02 a       164     0     7     1    14
  1.1115656639246163E-01 a       165     0     7     1    15
 -1.5426909168697955E-01 a       166     0     7     1    16
  1.0746575260040579E-01 a       167     0     7     1    17
 -8.5773118559991290E-01 a       168     0     7     1    18
 -1.1993142298520809E-01 a       169     0     7     1    19
 -4.9813522966794477E-01 a       170     0     7     1    20
  2.6156236638667074E-01 a       171     0     7     1    21
  8.1150249158965126E-01 a       172     0     7     1    22
 -3.1559185627526198E-01 a       173     0     7     1    23
 -8.2686112759837241E-02 a       174     0     7     1    24
 -5.0215079828230182E-02 a       175     0     7     1    25
  4.5599051604652045E-02 a       176     0     8     1     1
  1.4790821696530110E-01 a       177     0     8     1     2
  6.2444172626531423E-02 a       178     0     8     1     3
  4.0595514461083497E-02 a       179     0     8     1     4
  2.1983833080636844E-01 a       180     0     8     1     5
 -1.1370708982550337E-01 a       181     0     8     1     6
  5.9833339838599224E-02 a       182     0     8     1     7
 -4.2750636615192846E-03 a       183     0     8     1     8
  9.0634382096650701E-02 a       184     0     8     1     9
 -1.3886321869840929E-02 a       185     0     8     1    10
  1.8622563543964781E-02 a       186     0     8     1    11
  2.3091294163479579E-02 a       187     0     8     1    12
 -3.3589946255483442E-02 a       188     0     8     1    13
 -1.0482413866160167E-01 a       189     0     8     1    14
  1.0554196164499847E-01 a       190     0     8     1    15
  8.6424418107375459E-02 a       191     0     8     1    16
 -6.3673900069236108E-02 a       192     0     8     1    17
  3.3860701871528530E-02 a       193     0     8     1    18
  1.2398012607679428E-01 a       194     0     8     1    19
 -5.6412886351378012E-02 a       195     0     8     1    20
 -7.5076902743720919E-02 a       196     0     8     1    21
 -1.8518588566439118E-01 a       197     0     8     1    22
  1.0290699350972671E-01 a       198     0     8     1    23
 -6.5473452958323478E-02 a       199     0     8     1    24
 -7.8618500620294018E-02 a       200     0     8     1    25
  1.8456357450677485E+00 a       201     0     9     1     1
  3.3343070328689479E+00 a       202     0     9     1     2
  2.0403541471106599E+00 a       203     0     9     1     3
  1.0639619611928153E+00 a       204     0     9     1     4
 -7.4888477706605294E-01 a       205     0     9     1     5
 -1.5254318959926645E+00 a       206     0     9     1     6
 -1.9858081149874793E-02 a       207     0     9     1     7
  2.6565338797899667E+00 a       208     0     9     1     8
 -5.9435578657613917E+00 a       209     0     9     1     9
 -3.0416471979366637E+00 a       210     0     9     1    10
 -9.0756804357020615E-01 a       211     0     9     1    11
 -5.6028656289649392E+00 a       212     0     9     1    12
  4.0999561444012196E+00 a       213     0     9     1    13
 -2.9103482387886997E-01 a       214     0     9     1    14
 -2.5662184093713085E+00 a       215     0     9     1    15
 -4.3709928340101301E-01 a       216     0     9     1    16
 -2.3744377209060104E+00 a       217     0     9     1    17
 -3.9979453072622690E+00 a       218     0     9     1    18
 -4.9218806470563612E+00 a       219     0     9     1    19
 -1.0733778005637149E+00 a       220     0     9     1    20
  4.4790013984634784E+00 a       221     0     9     1    21
 -3.3252423236934980E-01 a       222     0     9     1    22
 -4.6089383455525802E-02 a       223     0     9     1    23
 -6.5615700030133572E+00 a       224     0     9     1    24
 -2.4582573828263348E+00 a       225     0     9     1    25
 -2.9471698887639936E-01 a       226     0    10     1     1
 -1.7712095201146563E+00 a       227     0    10     1     2
 -2.4183627811201038E+00 a       228     0    10     1     3
 -7.6925391363849205E-01 a       229     0    10     1     4
  8.1943744290671805E-01 a       230     0    10     1     5
 -1.8895554339018181E-01 a       231     0    10     1     6
 -1.7951860896687188E+00 a       232     0    10     1     7
 -8.2163860215386908E-01 a       233     0    10     1     8
 -6.3446947890684835E-01 a       234     0    10     1     9
  3.4284608720474790E+00 a       235     0    10     1    10
 -2.3733107253598438E+00 a       236     0    10     1    11
  1.5407557180284062E+00 a       237     0    10     1    12
 -3.9669454083163641E-01 a       238     0    10     1    13
  1.8900332009526453E+00 a       239     0    10     1    14
  2.6938323869107594E+00 a       240     0    10     1    15
 -1.2939525432254657E+00 a       241     0    10     1    16
  2.5843528419584669E+00 a       242     0    10     1    17
  5.4478210956013229E-01 a       243     0    10     1    18
 -1.8797111173759860E+00 a       244     0    10     1    19
  6.5842943536606260E+00 a       245     0    10     1    20
  9.4181884620784995E-01 a       246     0    10     1    21
 -1.1032332103341935E+00 a       247     0    10     1    22
  2.0625315798946335E+00 a       248     0    10     1    23
  2.6464071458164549E+00 a       249     0    10     1    24
  4.8370357659860570E+00 a       250     0    10     1    25
 -2.5527873381447463E+00 a       251     0    11     1     1
 -3.2323051937535774E+00 a       252     0    11     1     2
 -2.2982337475539398E+00 a       253     0    11     1     3
  1.8509885357489292E-01 a       254     0    11     1     4
  2.0124240746287816E+00 a       255     0    11     1     5
  3.8347236050285098E+00 a       256     0    11     1     6
 -1.7724893852260450E+00 a       257     0    11     1     7
 -4.3958446494874579E+00 a       258     0    11     1     8
  5.0516672952436688E+00 a       259     0    11     1     9
  7.6840168072740467E-01 a       260     0    11     1    10
  2.2559832486191609E+00 a       261     0    11     1    11
  4.1329777986637755E+00 a       262     0    11     1    12
 -2.8408187441689137E+00 a       263     0    11     1    13
 -6.5478428757107443E-01 a       264     0    11     1    14
  2.8420048005180889E+00 a       265     0    11     1    15
  1.3286564957650091E+00 a       266     0    11     1    16
  1.0343998966183432E+00 a       267     0    11     1    17
  3.2306776712640706E+00 a       268     0    11     1    18
  8.7231560011077196E+00 a       269     0    11     1    19
 -7.9458172567318943E+00 a       270     0    11     1    20
 -3.0794756885946821E+00 a       271     0    11     1    21
  6.7147958232059310E-02 a       272     0    11     1    22
  8.2209731768740857E-02 a       273     0    11     1    23
  3.5532575820427104E+00 a       274     0    11     1    24
 -2.9846116672156047E+00 a       275     0    11     1    25
  6.0770148945446489E-01 a       276     0    12     1     1
 -2.3614186099977204E+00 a       277     0    12     1     2
 -4.9253545672005750E+00 a       278     0    12     1     3
 -1.7294816575039964E+00 a       279     0    12     1     4
 -2.0518183147656037E+00 a       280     0    12     1     5
 -1.0999638865397026E+00 a       281     0    12     1     6
  1.5781135493075833E+00 a       282     0    12     1     7
  3.8603608883240759E-01 a       283     0    12     1     8
  2.5451469954894121E+00 a       284     0    12     1     9
  1.1718440757952824E+00 a       285     0    12     1    10
  4.9463621711730852E+00 a       286     0    12     1    11
  7.5236540524768492E+00 a       287     0    12     1    12
 -4.2145751962468907E+00 a       288     0    12     1    13
 -3.5949610880246907E+00 a       289     0    12     1    14
  1.7253257007392859E+00 a       290     0    12     1    15
  7.3373537379481473E+00 a       291     0    12     1    16
 -4.4433853575881228E+00 a       292     0    12     1    17
 -2.4090873430360658E+00 a       293     0    12     1    18
  4.5466679892358188E+00 a       294     0    12     1    19
 -8.5776709983663117E+00 a       295     0    12     1    20
 -1.1959874601632372E+00 a       296     0    12     1    21
  3.8653335168636151E+00 a       297     0    12     1    22
  1.7808340121001540E+00 a       298     0    12     1    23
  6.4648391020653051E-01 a       299     0    12     1    24
  8.9193397883938141E-01 a       300     0    12     1    25
 -9.1772309262608154E-01 a       301     0    13     1     1
  6.8403710286130115E-01 a       302     0    13     1     2
  1.6804747077737587E+00 a       303     0    13     1     3
 -9.7100469679784029E-01 a       304     0    13     1     4
 -6.9791103653914965E-01 a       305     0    13     1     5
  4.4771489275115156E-01 a       306     0    13     1     6
 -1.1631185194244504E+00 a       307     0    13     1     7
  5.9737419039752671E-01 a       308     0    13     1     8
  1.5575776503355621E+00 a       309     0    13     1     9
 -8.7330667219456504E-01 a       310     0    13     1    10
  1.1589383094763045E-01 a       311     0    13     1    11
 -1.3994709979207534E+00 a       312     0    13     1    12
 -2.4678499095267181E+00 a       313     0    13     1    13
 -1.3016955132241806E-01 a       314     0    13     1    14
 -8.7882153532968788E-01 a       315     0    13     1    15
 -2.5663308201972819E+00 a       316     0    13     1    16
  1.8350584952386564E+00 a       317     0    13     1    17
  3.3698244299283703E-01 a       318     0    13     1    18
 -3.6808457066650990E-01 a       319     0    13     1    19
  1.8554367562035601E+00 a       320     0    13     1    20
 -1.8335750788757710E+00 a       321     0    13     1    21
  5.5063931784272380E-01 a       322     0    13     1    22
 -1.0523021244301417E-01 a       323     0    13     1    23
 -3.7473193738584820E-01 a       324     0    13     1    24
 -1.0980093486007727E+00 a       325     0    13     1    25
 -1.3810550492977187E+00 a       326     0    14     1     1
  3.1332978662154898E+00 a       327     0    14     1     2
  5.8158341158496389E+00 a       328     0    14     1     3
 -5.9550145070066129E-01 a       329     0    14     1     4
  1.5888869366706004E-01 a       330     0    14     1     5
  2.2607720542933372E+00 a       331     0    14     1     6
 -4.1067103218179639E+00 a       332     0    14     1     7
  2.0029592944123280E+00 a       333     0    14     1     8
 -2.5861686148631491E-01 a       334     0    14     1     9
 -3.7697241587337110E-01 a       335     0    14     1    10
 -4.8001000813434853E+00 a       336     0    14     1    11
 -7.7028986919090023E+00 a       337     0    14     1    12
 -1.0690723632962986E+00 a       338     0    14     1    13
  3.4023878640353828E+00 a       339     0    14     1    14
 -2.1238250548478983E+00 a       340     0    14     1    15
 -1.0689661898608547E+01 a       341     0    14     1    16
  8.1091707087083584E+00 a       342     0    14     1    17
  2.4494274701845082E+00 a       343     0    14     1    18
 -5.6574156040960579E+00 a       344     0    14     1    19
  1.3638209968969209E+01 a       345     0    14     1    20
 -3.0544581928470955E+00 a       346     0    14     1    21
 -2.5767572561689400E+00 a       347     0    14     1    22
 -4.1784192048174618E-01 a       348     0    14     1    23
  6.0868222378858117E-01 a       349     0    14     1    24
 -1.2169422696075345E+00 a       350     0    14     1    25
  2.7901800533299990E+00 a       351     0    15     1     1
  3.8991122520916766E+00 a       352     0    15     1     2
  1.3645615801316129E+00 a       353     0    15     1     3
  4.1558288087917736E+00 a       354     0    15     1     4
 -1.5706976856369117E+00 a       355     0    15     1     5
 -9.0102837385296519E-01 a       356     0    15     1     6
  6.0579487236450991E+00 a       357     0    15     1     7
 -4.2720971915123540E+00 a       358     0    15     1     8
 -3.6094310294972698E-01 a       359     0    15     1     9
 -5.6038756823976521E-01 a       360     0    15     1    10
  4.5519375628045946E+00 a       361     0    15     1    11
  1.3003827365554957E-01 a       362     0    15     1    12
 -1.6621810001494999E+00 a       363     0    15     1    13
  8.9671932748815117E-02 a       364     0    15     1    14
 -4.6473207977428455E-01 a       365     0    15     1    15
  1.2518058366877005E+00 a       366     0    15     1    16
 -5.2979976825303829E+00 a       367     0    15     1    17
  2.7145599707190975E+00 a       368     0    15     1    18
  3.0524947562805540E+00 a       369     0    15     1    19
 -1.0105547143924563E+00 a       370     0    15     1    20
  3.2031938800806161E+00 a       371     0    15     1    21
  1.5507035638598474E+00 a       372     0    15     1    22
 -2.3317434991436867E+00 a       373     0    15     1    23
 -2.7056387850621340E+00 a       374     0    15     1    24
  1.5628012106312563E+00 a       375     0    15     1    25
  1.7464382546302895E-01 a       376     0    16     1     1
 -5.5042389254895285E-01 a       377     0    16     1     2
 -5.8503268514172335E-01 a       378     0    16     1     3
 -6.9684077719578530E-01 a       379     0    16     1     4
 -3.2894689821972967E-01 a       380     0    16     1     5
 -7.8604532118206960E-01 a       381     0    16     1     6
  9.9874264557901160E-01 a       382     0    16     1     7
  5.0863609399710363E-01 a       383     0    16     1     8
  3.0653520154294450E-01 a       384     0    16     1     9
  1.8754463292987953E+00 a       385     0    16     1    10
 -6.7214838272483635E-01 a       386     0    16     1    11
  1.3030728376324405E+00 a       387     0    16     1    12
 -6.6932901134699629E-02 a       388     0    16     1    13
  3.5745266833410039E-01 a       389     0    16     1    14
  2.5328401793826860E-01 a       390     0    16     1    15
 -1.8022975691265644E-01 a       391     0    16     1    16
  2.0162799302825801E-01 a       392     0    16     1    17
  3.7079267882033773E-01 a       393     0    16     1    18
 -2.3094691684865669E+00 a       394     0    16     1    19
  4.4333152609112778E+00 a       395     0    16     1    20
 -8.2210021059223384E-02 a       396     0    16     1    21
 -3.0772378816312151E-01 a       397     0    16     1    22
  8.1719496368517963E-01 a       398     0    16     1    23
  2.1858452398068544E+00 a       399     0    16     1    24
  3.1469601481153289E+00 a       400     0    16     1    25
 -2.4442534989369058E+00 a       401     0    17     1     1
 -1.8356395776245131E+00 a       402     0    17     1     2
  1.1338802620390562E+00 a       403     0    17     1     3
 -3.7359160222203851E+00 a       404     0    17     1     4
  1.5912149162006745E-01 a       405     0    17     1     5
  9.7308108431985640E-01 a       406     0    17     1     6
 -3.7089199865990685E+00 a       407     0    17     1     7
  5.5519712929816452E+00 a       408     0    17     1     8
  1.2620794863316047E+00 a       409     0    17     1     9
 -2.5538159725080742E+00 a       410     0    17     1    10
 -3.0365314263554444E+00 a       411     0    17     1    11
 -6.9630572529283152E-01 a       412     0    17     1    12
  1.3725088590028174E+00 a       413     0    17     1    13
 -8.5486960801559286E-01 a       414     0    17     1    14
 -2.2694094795707285E+00 a       415     0    17     1    15
 -5.2235480656597522E-01 a       416     0    17     1    16
  3.7458282606257853E+00 a       417     0    17     1    17
 -2.8893416267676115E+00 a       418     0    17     1    18
 -1.7018516460162441E+00 a       419     0    17     1    19
 -1.9741313111938337E+00 a       420     0    17     1    20
 -4.5499876342594643E+00 a       421     0    17     1    21
 -1.6549376112023062E+00 a       422     0    17     1    22
  1.4709735052154818E-01 a       423     0    17     1    23
  1.2938683099257786E-01 a       424     0    17     1    24
 -4.6862312649693907E+00 a       425     0    17     1    25
  2.5731766084530583E+00 a       426     0    18     1     1
 -9.8093894851828178E-01 a       427     0    18     1     2
 -7.2096866330142972E-01 a       428     0    18     1     3
  4.0834725020720875E-01 a       429     0    18     1     4
 -1.3250920602387207E-02 a       430     0    18     1     5
 -4.1173267028628358E+00 a       431     0    18     1     6
 -1.0418908258165562E+00 a       432     0    18     1     7
  9.6907791823148615E-01 a       433     0    18     1     8
 -1.9619992003105022E+00 a       434     0    18     1     9
 -3.8985951176086004E+00 a       435     0    18     1    10
 -4.6831008213797611E+00 a       436     0    18     1    11
  1.2884220021453920E+00 a       437     0    18     1    12
  1.6780387468519693E+00 a       438     0    18     1    13
  2.3597412157585640E+00 a       439     0    18     1    14
 -2.2528734475920000E+00 a       440     0    18     1    15
  3.8862525722136190E+00 a       441     0    18     1    16
 -1.1410908307596401E+00 a       442     0    18     1    17
 -4.1758481913213545E+00 a       443     0    18     1    18
 -1.5381540772155120E+00 a       444     0    18     1    19
 -5.3503457362551288E+00 a       445     0    18     1    20
 -1.9589604987937461E+00 a       446     0    18     1    21
 -3.3018576018204771E-01 a       447     0    18     1    22
  6.2622305321307019E+00 a       448     0    18     1    23
  4.9305841004095818E-01 a       449     0    18     1    24
 -7.8161984657416745E+00 a       450     0    18     1    25
  4.0089220441700174E-01 a       451     0    19     1     1
 -5.7711953245295911E-01 a       452     0    19     1     2
 -1.3309634383457811E+00 a       453     0    19     1     3
  2.0067714839698887E+00 a       454     0    19     1     4
  2.1249173549336894E-01 a       455     0    19     1     5
 -9.7272506079174959E-01 a       456     0    19     1     6
  1.3960608364157956E+00 a       457     0    19     1     7
 -1.0152018693297749E+00 a       458     0    19     1     8
 -1.9962310681758964E+00 a       459     0    19     1     9
  4.5239600896699000E-01 a       460     0    19     1    10
 -3.2589409059157853E-01 a       461     0    19     1    11
  9.8173620699707187E-01 a       462     0    19     1    12
  3.7446467346198116E+00 a       463     0    19     1    13
  2.3396905050843889E-01 a       464     0    19     1    14
  6.8424191719533434E-01 a       465     0    19     1    15
  2.9803497911479462E+00 a       466     0    19     1    16
 -2.2590776730399820E+00 a       467     0    19     1    17
 -3.2234620585004418E-02 a       468     0    19     1    18
  5.1615687260058596E-01 a       469     0    19     1    19
 -1.8732931994092612E+00 a       470     0    19     1    20
  2.6779379663469753E+00 a       471     0    19     1    21
 -1.9267798443970507E-01 a       472     0    19     1    22
 -2.7552096251061320E-01 a       473     0    19     1    23
 -4.7211282078549938E-01 a       474     0    19     1    24
  1.8731252328334014E+00 a       475     0    19     1    25
 -1.7983343629584037E+00 a       476     0    20     1     1
  9.6751497712607060E-01 a       477     0    20     1     2
 -2.2456367068536478E+00 a       478     0    20     1     3
  3.7287207493615275E+00 a       479     0    20     1     4
 -1.1609038395294516E-01 a       480     0    20     1     5
  2.9166118706271793E+00 a       481     0    20     1     6
  4.3866657598664096E+00 a       482     0    20     1     7
 -2.9442474760353465E+00 a       483     0    20     1     8
 -1.5270433130136154E+00 a       484     0    20     1     9
  2.4325110099016665E+00 a       485     0    20     1    10
  5.2788989581120349E+00 a       486     0    20     1    11
  1.6702563816776301E+00 a       487     0    20     1    12
  5.1601001731880807E+00 a       488     0    20     1    13
 -2.4559453819623158E+00 a       489     0    20     1    14
  2.3815639207922596E+00 a       490     0    20     1    15
  2.9534856400191623E+00 a       491     0    20     1    16
 -3.5084208329062232E+00 a       492     0    20     1    17
  3.7159694262734413E+00 a       493     0    20     1    18
  4.3780518663338395E+00 a       494     0    20     1    19
 -2.7806668093392615E+00 a       495     0    20     1    20
  7.2271798015026176E+00 a       496     0    20     1    21
  2.9670071493046079E-02 a       497     0    20     1    22
 -6.6055077516144642E+00 a       498     0    20     1    23
 -1.6464623154291942E+00 a       499     0    20     1    24
  7.8124161962828849E+00 a       500     0    20     1    25
  3.2113571237968643E+00 a       501     0    21     1     1
  4.3358871412112210E+00 a       502     0    21     1     2
  7.0584422431892504E+00 a       503     0    21     1     3
  2.8877439402278098E+00 a       504     0    21     1     4
  7.0703269865449392E-02 a       505     0    21     1     5
 -1.7812819818263430E+00 a       506     0    21     1     6
  5.7995865825660753E-01 a       507     0    21     1     7
 -5.4819407964784732E+00 a       508     0    21     1     8
  2.0283156993440699E+00 a       509     0    21     1     9
  2.0095096196747630E+00 a       510     0    21     1    10
  1.8024755923905160E+00 a       511     0    21     1    11
 -5.6770270424790956E+00 a       512     0    21     1    12
  5.6145569487272438E+00 a       513     0    21     1    13
  8.4815086609342216E-01 a       514     0    21     1    14
  3.4218964033055599E+00 a       515     0    21     1    15
 -4.1532523892281148E+00 a       516     0    21     1    16
 -5.5205939190897855E+00 a       517     0    21     1    17
 -9.5214500186162598E-01 a       518     0    21     1    18
 -2.1852173481049100E+00 a       519     0    21     1    19
 -4.0146715438337495E+00 a       520     0    21     1    20
  8.8186942653402789E-01 a       521     0    21     1    21
  2.7818435615218258E+00 a       522     0    21     1    22
 -3.3810994429643784E+00 a       523     0    21     1    23
  1.6679357123155851E+00 a       524     0    21     1    24
  4.0796047330417329E+00 a       525     0    21     1    25
 -1.2015975523227498E-02 a       526     0    22     1     1
 -1.1129969346827848E+00 a       527     0    22     1     2
 -3.8296392135024515E-01 a       528     0    22     1     3
 -1.7117388315705362E+00 a       529     0    22     1     4
  3.4591033489301909E-01 a       530     0    22     1     5
  1.1268411942513016E-02 a       531     0    22     1     6
 -1.0432329014591866E+00 a       532     0    22     1     7
 -6.8994723399177305E-01 a       533     0    22     1     8
  9.5866953591111093E-01 a       534     0    22     1     9
  2.7771840145674513E+00 a       535     0    22     1    10
 -8.3476525275905689E-01 a       536     0    22     1    11
 -2.9019461702573933E-02 a       537     0    22     1    12
 -9.3443966952408108E-01 a       538     0    22     1    13
  6.0365333023738177E-01 a       539     0    22     1    14
  1.7923107776832949E+00 a       540     0    22     1    15
 -1.9013724640132039E+00 a       541     0    22     1    16
  1.0798224184905911E+00 a       542     0    22     1    17
  2.7985688600754788E-01 a       543     0    22     1    18
 -2.8358827159825610E+00 a       544     0    22     1    19
  5.1318655649269207E+00 a       545     0    22     1    20
 -4.0643686012612179E-01 a       546     0    22     1    21
  3.9848382393044772E-02 a       547     0    22     1    22
  4.4801460451066327E-01 a       548     0    22     1    23
  1.9982846477561822E+00 a       549     0    22     1    24
  4.2421715267056870E+00 a       550     0    22     1    25
 -2.8294903896201768E+00 a       551     0    23     1     1
 -3.6830126892308255E+00 a       552     0    23     1     2
 -4.5654109315292288E+00 a       553     0    23     1     3
 -4.3562257438998762E+00 a       554     0    23     1     4
  2.2888174432359013E-01 a       555     0    23     1     5
  2.9323630899875073E+00 a       556     0    23     1     6
 -1.1105605184612928E+00 a       557     0    23     1     7
  6.4151691049293076E+00 a       558     0    23     1     8
 -4.3001047135589754E-01 a       559     0    23     1     9
 -3.6874834061391670E+00 a       560     0    23     1    10
 -1.6565236241380625E+00 a       561     0    23     1    11
  3.5546532921017686E+00 a       562     0    23     1    12
 -8.4957776022003735E+00 a       563     0    23     1    13
 -1.5061096654925750E+00 a       564     0    23     1    14
 -4.5687000953640400E+00 a       565     0    23     1    15
  2.1818637500790325E+00 a       566     0    23     1    16
  6.0852661097295817E+00 a       567     0    23     1    17
  5.6330595286496821E-01 a       568     0    23     1    18
  3.0866606780573176E+00 a       569     0    23     1    19
  2.3119555407871348E+00 a       570     0    23     1    20
 -2.7693628563434074E+00 a       571     0    23     1    21
 -1.8642240019605538E+00 a       572     0    23     1    22
  2.8419316316506769E+00 a       573     0    23     1    23
 -3.1496081962212079E+00 a       574     0    23     1    24
 -8.2600972801791333E+00 a       575     0    23     1    25
  2.0880693194746902E+00 a       576     0    24     1     1
  3.9978736289111843E+00 a       577     0    24     1     2
  2.5688165839055594E+00 a       578     0    24     1     3
  1.5695455580438256E+00 a       579     0    24     1     4
 -6.0673949224199331E-01 a       580     0    24     1     5
 -5.5995582595463056E-01 a       581     0    24     1     6
  5.4147938254136729E-01 a       582     0    24     1     7
  7.6637763138720461E-01 a       583     0    24     1     8
 -4.0437142863988901E-01 a       584     0    24     1     9
 -1.0693861154237607E+00 a       585     0    24     1    10
 -1.5861118892121018E+00 a       586     0    24     1    11
  1.7643794522803982E+00 a       587     0    24     1    12
 -1.4809225562531034E+00 a       588     0    24     1    13
  1.0983744239793425E+00 a       589     0    24     1    14
  7.2977201974316841E-01 a       590     0    24     1    15
 -1.3466464244491192E+00 a       591     0    24     1    16
  2.3005785124275294E-01 a       592     0    24     1    17
 -3.8983000961433445E-01 a       593     0    24     1    18
  3.4959445092769525E-01 a       594     0    24     1    19
  8.7437541728211068E-02 a       595     0    24     1    20
  4.8250075348941973E-01 a       596     0    24     1    21
  1.9669330001350855E+00 a       597     0    24     1    22
 -3.8724923831837310E-01 a       598     0    24     1    23
 -1.5725184181956767E-01 a       599     0    24     1    24
 -1.0977324493969499E-01 a       600     0    24     1    25
 -3.5825694656910110E+00 a       601     0    25     1     1
 -6.3640718879194953E+00 a       602     0    25     1     2
 -4.5629568840828014E+00 a       603     0    25     1     3
 -2.1979668456007500E+00 a       604     0    25     1     4
  3.3101886074613074E-01 a       605     0    25     1     5
  1.1970497905380069E+00 a       606     0    25     1     6
 -7.6803350939536497E-01 a       607     0    25     1     7
 -1.8543557835752940E+00 a       608     0    25     1     8
  1.2677310794991348E-01 a       609     0    25     1     9
  1.7456782543967708E+00 a       610     0    25     1    10
  2.2790877877185070E+00 a       611     0    25     1    11
 -3.6176352017480893E+00 a       612     0    25     1    12
  2.4150401663999501E+00 a       613     0    25     1    13
 -2.5476950587912768E+00 a       614     0    25     1    14
 -7.1769196130604318E-01 a       615     0    25     1    15
  2.2255342913654390E+00 a       616     0    25     1    16
 -6.6481653624818204E-01 a       617     0    25     1    17
  8.1203639862427901E-01 a       618     0    25     1    18
 -1.0776699503511815E-01 a       619     0    25     1    19
 -2.9948038509792935E-01 a       620     0    25     1    20
 -5.7956482375219076E-01 a       621     0    25     1    21
 -3.1238016876039501E+00 a       622     0    25     1    22
  1.0596551582135560E+00 a       623     0    25     1    23
  4.5909550644734642E-01 a       624     0    25     1    24
  8.7342558354394764E-02 a       625     0    25     1    25
  1.6334348325081616E+00 a       626     0    26     1     1
  2.5468325598683648E+00 a       627     0    26     1     2
  2.0583883939397669E+00 a       628     0    26     1     3
  7.1734982492741262E-01 a       629     0    26     1     4
  1.7471405471234810E-01 a       630     0    26     1     5
 -6.5714533431428146E-01 a       631     0    26     1     6
  1.9858684766099235E-01 a       632     0    26     1     7
  9.4894653019387609E-01 a       633     0    26     1     8
  1.6657295084759585E-01 a       634     0    26     1     9
 -7.6918699043127758E-01 a       635     0    26     1    10
 -8.4463222151111605E-01 a       636     0    26     1    11
  1.8898133217305813E+00 a       637     0    26     1    12
 -9.7680677158383755E-01 a       638     0    26     1    13
  1.3923435046643768E+00 a       639     0    26     1    14
  4.5771095556057712E-02 a       640     0    26     1    15
 -9.1847558063422852E-01 a       641     0    26     1    16
  3.8855182443642727E-01 a       642     0    26     1    17
 -4.0621552541748529E-01 a       643     0    26     1    18
 -1.7077680855653896E-01 a       644     0    26     1    19
  1.4767709450140923E-01 a       645     0    26     1    20
  2.1498356925656212E-01 a       646     0    26     1    21
  1.2182091960332084E+00 a       647     0    26     1    22
 -6.6560520435632153E-01 a       648     0    26     1    23
 -2.9481414256284444E-01 a       649     0    26     1    24
  3.4654052601323690E-02 a       650     0    26     1    25
 -9.9003528664808101E-03 b       651     1     1
  1.3141197114710135E-01 b       652     1     2
 -5.1168961894685734E-02 b       653     1     3
 -1.3774095029993019E-01 b       654     1     4
  1.2497031850402820E-01 b       655     1     5
  3.1018975651099512E-01 b       656     1     6
  2.3569558499500477E-02 b       657     1     7
 -7.8375187560482631E-02 b       658     1     8
  6.7404121272659157E-02 b       659     1     9
  2.7891311656109935E-01 b       660     1    10
  1.0198291763125020E-01 b       661     1    11
  2.4482856035760209E-01 b       662     1    12
  1.9839845057215960E-01 b       663     1    13
  3.1796739467864370E-02 b       664     1    14
  8.3841052896810597E-02 b       665     1    15
 -7.9640091787813408E-02 b       666     1    16
 -1.1075814807614580E-01 b       667     1    17
  2.0126478612865942E-01 b       668     1    18
 -8.1755792793671983E-02 b       669     1    19
 -1.5921344061703793E-01 b       670     1    20
  2.1619199240796036E-01 b       671     1    21
 -9.2268145400060148E-02 b       672     1    22
  3.8763082803093839E-02 b       673     1    23
  2.6693322043508128E-01 b       674     1    24
  4.4458026626232122E-01 b       675     1    25
  4.3275080919059644E-01 a       676     1     1     2     1
  4.5615326095019414E-02 a       677     1     1     2     2
 -3.6279043066198918E-01 a       678     1     1     2     3
  3.1810841179752158E-01 a       679     1     1     2     4
 -7.1376216016516725E-01 a       680     1     1     2     5
  4.1762919527235531E-01 a       681     1     1     2     6
  8.1858014503820642E-01 a       682     1     1     2     7
  4.3363973676513312E-01 a       683     1     1     2     8
  3.1175933269740469E-03 a       684     1     1     2     9
  5.7587392850952390E-01 a       685     1     1     2    10
 -7.7830286343491728E-01 a       686     1     1     2    11
 -1.1642537817330606E-01 a       687     1     1     2    12
 -1.8217793738733587E-01 a       688     1     1     2    13
  3.5595737487235335E-01 a       689     1     1     2    14
 -1.9559562052871732E-01 a       690     1     1     2    15
 -4.5694049319993008E-01 a       691     1     1     2    16
 -4.4405482128417678E-01 a       692     1     1     2    17
  7.4097218776955534E-02 a       693     1     1     2    18
  5.3981729176727145E-01 a       694     1     1     2    19
  1.1947434113787143E-01 a       695     1     1     2    20
  3.1611832246970162E-01 a       696     1     1     2    21
 -3.2003101623239572E-01 a       697     1     1     2    22
 -6.1615583067713164E-01 a       698     1     1     2    23
  4.5471090216605647E-01 a       699     1     1     2    24
 -5.6769002412465785E-01 a       700     1     1     2    25
 -3.0484259647462875E-01 a       701     1     2     2     1
 -4.8193735563251638E-01 a       702     1     2     2     2
 -1.7562920456781550E-01 a       703     1     2     2     3
 -2.6420332016502002E-01 a       704     1     2     2     4
  3.5029275464840953E-01 a       705     1     2     2     5
 -1.6699777125494750E-01 a       706     1     2     2     6
 -7.4485819720231730E-02 a       707     1     2     2     7
 -7.9925056320219934E-01 a       708     1     2     2     8
  1.5666998983924349E-01 a       709     1     2     2     9
 -2.0722414196795980E-01 a       710     1     2     2    10
 -2.9248186974680518E-01 a       711     1     2     2    11
  2.7317935989693003E-02 a       712     1     2     2    12
 -2.3716810599348850E-01 a       713     1     2     2    13
  1.1185856778767647E-01 a       714     1     2     2    14
 -2.0235593181508266E-01 a       715     1     2     2    15
 -2.8525877343401485E-01 a       716     1     2     2    16
 -4.7443902348577160E-01 a       717     1     2     2    17
 -2.2117097504201813E-01 a       718     1     2     2    18
  3.7587420321844256E-01 a       719     1     2     2    19
 -6.6888685591942876E-01 a       720     1     2     2    20
  9.8288127113263024E-01 a       721     1     2     2    21
 -1.4882595630557546E-02 a       722     1     2     2    22
  2.7115599155684839E-01 a       723     1     2     2    23
 -3.3532822532946205E-01 a       724     1     2     2    24
  8.3790357484543809E-01 a       725     1     2     2    25
  3.3509621629573078E-01 a       726     1     3     2     1
 -5.5879573777803526E-01 a       727     1     3     2     2
 -4.1738344838185704E-01 a       728     1     3     2     3
 -4.3102436647130628E-02 a       729     1     3     2     4
  9.4442717656713138E-01 a       730     1     3     2     5
 -8.7636231839859968E-02 a       731     1     3     2     6
 -2.1256744984275314E-01 a       732     1     3     2     7
 -5.8225383189785840E-01 a       733     1     3     2     8
 -2.8565921386658155E-01 a       734     1     3     2     9
 -9.6978462556803202E-01 a       735     1     3     2    10
  1.5015442743724891E-01 a       736     1     3     2    11
 -6.5501314365587082E-01 a       737     1     3     2    12
  6.5728100404281592E-02 a       738     1     3     2    13
 -9.9332628385649338E-02 a       739     1     3     2    14
  3.6945867811681848E-01 a       740     1     3     2    15
  1.8985174507799418E-01 a       741     1     3     2    16
 -3.2238721230274053E-01 a       742     1     3     2    17
 -3.4597370023922241E-01 a       743     1     3     2    18
  2.3616084169112239E-01 a       744     1     3     2    19
 -2.2245143210656076E-01 a       745     1     3     2    20
  5.7072604475044475E-01 a       746     1     3     2    21
 -1.4368956499858571E-01 a       747     1     3     2    22
  2.2838400023161384E-01 a       748     1     3     2    23
 -7.7765732924816700E-01 a       749     1     3     2    24
  8.4505296803065399E-01 a       750     1     3     2    25
  2.2315869450775436E-01 a       751     1     4     2     1
  3.7258943800197969E-01 a       752     1     4     2     2
  5.9646813816977040E-01 a       753     1     4     2     3
 -7.4978784873887994E-01 a       754     1     4     2     4
  1.9708288873945676E-01 a       755     1     4     2     5
 -6.1715117605736602E-01 a       756     1     4     2     6
 -7.9643402505577421E-01 a       757     1     4     2     7
 -5.4042964612870803E-01 a       758     1     4     2     8
  1.9285682604123169E-01 a       759     1     4     2     9
 -9.2171197787460624E-01 a       760     1     4     2    10
  2.1224198567835537E-01 a       761     1     4     2    11
  9.5543551718725761E-01 a       762     1     4     2    12
 -2.1766069632078844E-01 a       763     1     4     2    13
 -2.4957603683884533E-01 a       764     1     4     2    14
 -4.0337451601740126E-01 a       765     1     4     2    15
 -1.7513914949447626E-01 a       766     1     4     2    16
  4.5123185655837250E-01 a       767     1     4     2    17
  3.0231831356697952E-01 a       768     1     4     2    18
 -3.1568738922081724E-01 a       769     1     4     2    19
 -8.6379411657042937E-01 a       770     1     4     2    20
  4.4709551006816023E-01 a       771     1     4     2    21
  6.3757508166084526E-02 a       772     1     4     2    22
  3.3605118810563872E-01 a       773     1     4     2    23
  2.2194302972483854E-01 a       774     1     4     2    24
  2.4240017145411688E-01 a       775     1     4     2    25
  2.8053822047136323E-01 a       776     1     5     2     1
  1.7353574195206389E-01 a       777     1     5     2     2
  6.3455302769576090E-03 a       778     1     5     2     3
 -1.2086540961610051E-01 a       779     1     5     2     4
  8.3856429667925975E-02 a       780     1     5     2     5
 -8.9392567920825075E-02 a       781     1     5     2     6
 -2.8460271888683714E-01 a       782     1     5     2     7
  3.4095951519377460E-01 a       783     1     5     2     8
 -1.2663144325718356E-01 a       784     1     5     2     9
 -7.1142489932035383E-02 a       785     1     5     2    10
  5.5886273889850263E-02 a       786     1     5     2    11
  4.5715405357216375E-02 a       787     1     5     2    12
  7.6030530022575496E-02 a       788     1     5     2    13
  6.4459469253819068E-02 a       789     1     5     2    14
  3.4524835695830086E-01 a       790     1     5     2    15
  6.4622343624019959E-02 a       791     1     5     2    16
  4.5934891304926166E-02 a       792     1     5     2    17
 -3.5721636258826975E-02 a       793     1     5     2    18
 -1.6171367579339491E-01 a       794     1     5     2    19
 -5.0598891101338028E-01 a       795     1     5     2    20
  2.9607631530480422E-01 a       796     1     5     2    21
 -4.9170663466665082E-01 a       797     1     5     2    22
  3.4166767109296659E-01 a       798     1     5     2    23
 -2.6822402465543665E-01 a       799     1     5     2    24
  4.6386683776504040E-01 a       800     1     5     2    25
 -1.6451139705940820E-02 a       801     1     6     2     1
  5.6441620305611527E-02 a       802     1     6     2     2
  4.4724336872407017E-01 a       803     1     6     2     3
  1.4947102708866455E-01 a       804     1     6     2     4
  4.1600144672484995E-01 a       805     1     6     2     5
  1.8460413328320882E-01 a       806     1     6     2     6
 -2.9248796460993698E-01 a       807     1     6     2     7
  4.5241106445126322E-01 a       808     1     6     2     8
 -4.2499147890622724E-01 a       809     1     6     2     9
  4.1740661814142688E-01 a       810     1     6     2    10
 -6.1263890734602100E-01 a       811     1     6     2    11
  5.8970479371206053E-01 a       812     1     6     2    12
 -2.1491897080180364E-01 a       813     1     6     2    13
 -1.9921279456951974E-01 a       814     1     6     2    14
 -2.8574506027245351E-02 a       815     1     6     2    15
 -3.5511465453154756E-01 a       816     1     6     2    16
  1.9616293732595896E-01 a       817     1     6     2    17
  2.7737972624089585E-01 a       818     1     6     2    18
 -1.5378873955836198E-01 a       819     1     6     2    19
 -2.3157228900069574E-01 a       820     1     6     2    20
 -5.4181891129487063E-02 a       821     1     6     2    21
  8.0445920411688965E-02 a       822     1     6     2    22
 -1.8222618596823403E-01 a       823     1     6     2    23
  1.5034658661461495E-01 a       824     1     6     2    24
  1.8109502477083528E-01 a       825     1     6     2    25
 -2.6316006724927721E-01 a       826     1     7     2     1
  7.1629376065705783E-02 a       827     1     7     2     2
 -2.0633086637892761E-01 a       828     1     7     2     3
  6.7066248305340864E-03 a       829     1     7     2     4
 -3.0757841423181742E-01 a       830     1     7     2     5
  2.1405559343859204E-01 a       831     1     7     2     6
  3.0897531115365506E-01 a       832     1     7     2     7
 -5.2960304358137067E-01 a       833     1     7     2     8
  2.0243336301683670E-01 a       834     1     7     2     9
  3.6591980494141765E-02 a       835     1     7     2    10
 -5.2508749317157621E-01 a       836     1     7     2    11
  1.6048314214121567E-01 a       837     1     7     2    12
 -2.3191200655368127E-01 a       838     1     7     2    13
  4.3671184702597066E-01 a       839     1     7     2    14
  2.3891649991492137E-01 a       840     1     7     2    15
 -6.1864365817776601E-01 a       841     1     7     2    16
 -5.7577188248707230E-02 a       842     1     7     2    17
 -4.7062976918639510E-01 a       843     1     7     2    18
 -1.4959348439458620E-01 a       844     1     7     2    19
 -3.7193005233662389E-02 a       845     1     7     2    20
  1.4977599270645153E-01 a       846     1     7     2    21
 -5.7841251269142580E-01 a       847     1     7     2    22
 -3.9785327469101112E-01 a       848     1     7     2    23
 -2.4550165203146723E-01 a       849     1     7     2    24
  1.1910761635329740E-01 a       850     1     7     2    25
 -1.8535374766766402E-01 a       851     1     8     2     1
 -1.8678591268274722E-01 a       852     1     8     2     2
  2.8592439356143551E-01 a       853     1     8     2     3
  1.4863392714736934E-01 a       854     1     8     2     4
 -1.1605232569308860E-01 a       855     1     8     2     5
  4.4391676609432418E-01 a       856     1     8     2     6
 -1.3512832759270441E-01 a       857     1     8     2     7
  1.2247155669645615E+00 a       858     1     8     2     8
 -3.0598972069256665E-02 a       859     1     8     2     9
 -4.7509081127733561E-02 a       860     1     8     2    10
  1.2936583013580938E+00 a       861     1     8     2    11
 -6.1484881417438775E-01 a       862     1     8     2    12
  2.2457630643667439E-01 a       863     1     8     2    13
 -1.4087662501070705E-01 a       864     1     8     2    14
  2.1351796304999321E-01 a       865     1     8     2    15
 -3.5470992740501764E-02 a       866     1     8     2    16
 -3.8945540789805522E-01 a       867     1     8     2    17
 -1.6747573665900368E-02 a       868     1     8     2    18
 -6.5042483761997660E-01 a       869     1     8     2    19
  4.6391439771621790E-01 a       870     1     8     2    20
 -2.8682268579212461E-01 a       871     1     8     2    21
  2.3910453157959458E-01 a       872     1     8     2    22
 -4.3357338333200901E-01 a       873     1     8     2    23
 -2.8481995534493293E-01 a       874     1     8     2    24
  3.9695034706810919E-02 a       875     1     8     2    25
  4.1888933491765823E-01 a       876     1     9     2     1
  7.4375706420878582E-02 a       877     1     9     2     2
 -1.5821315275796742E-02 a       878     1     9     2     3
 -2.8751144476126927E-01 a       879     1     9     2     4
 -1.7753068168742053E-01 a       880     1     9     2     5
 -7.4516016182508929E-02 a       881     1     9     2     6
 -2.6650414946632811E-01 a       882     1     9     2     7
  1.8280098571631453E-01 a       883     1     9     2     8
 -2.5719337178214080E-01 a       884     1     9     2     9
 -1.5718116395567699E-01 a       885     1     9     2    10
  1.0478819488414763E+00 a       886     1     9     2    11
 -5.2668903304872128E-01 a       887     1     9     2    12
 -8.3462558690283561E-01 a       888     1     9     2    13
  5.1861631707022050E-02 a       889     1     9     2    14
  5.5813899657690302E-01 a       890     1     9     2    15
  2.8062195428299752E-01 a       891     1     9     2    16
  6.1341109273658899E-02 a       892     1     9     2    17
  2.6930101443819510E-01 a       893     1     9     2    18
  7.8742914611300618E-02 a       894     1     9     2    19
 -4.4361140730087706E-01 a       895     1     9     2    20
  2.1084031431864306E-01 a       896     1     9     2    21
 -1.0000590591510718E-01 a       897     1     9     2    22
 -2.8768924537557228E-01 a       898     1     9     2    23
  1.6247095346771143E-01 a       899     1     9     2    24
  3.6110750340734110E-01 a       900     1     9     2    25
 -1.9768740358000278E-01 a       901     1    10     2     1
  1.0490966162182448E-01 a       902     1    10     2     2
 -1.8526877829476632E-01 a       903     1    10     2     3
 -1.1003203160016203E-01 a       904     1    10     2     4
  1.0947130556404492E+00 a       905     1    10     2     5
  1.8688344353629410E-01 a       906     1    10     2     6
  1.2734134972215796E-01 a       907     1    10     2     7
 -6.5605604173558452E-01 a       908     1    10     2     8
 -1.7057871603049410E-01 a       909     1    10     2     9
  9.7583231525131958E-02 a       910     1    10     2    10
 -5.4332307610049135E-01 a       911     1    10     2    11
  5.9863527713134390E-01 a       912     1    10     2    12
 -5.6079638981093394E-01 a       913     1    10     2    13
  3.4755996040433457E-01 a       914     1    10     2    14
 -9.1251814108971629E-01 a       915     1    10     2    15
  3.3992875281402934E-01 a       916     1    10     2    16
  2.1760248498053844E-01 a       917     1    10     2    17
  1.8379453022947925E-02 a       918     1    10     2    18
 -1.5280279985903530E-01 a       919     1    10     2    19
  4.9193067323530890E-02 a       920     1    10     2    20
 -3.1777549556711993E-01 a       921     1    10     2    21
 -2.6397319492124382E-02 a       922     1    10     2    22
  3.3304499620594685E-01 a       923     1    10     2    23
  3.3638012395028832E-01 a       924     1    10     2    24
  1.9172682939462490E-01 a       925     1    10     2    25
 -3.6784594752967126E-01 a       926     1    11     2     1
 -6.9764461555375426E-02 a       927     1    11     2     2
  2.4898056057929385E-01 a       928     1    11     2     3
  4.5562123384547204E-01 a       929     1    11     2     4
  8.1044134571794335E-01 a       930     1    11     2     5
 -1.0859669021082050E-02 a       931     1    11     2     6
  7.6339244044275323E-01 a       932     1    11     2     7
 -4.3501034840085429E-01 a       933     1    11     2     8
  3.2089109714503655E-01 a       934     1    11     2     9
  3.2485551061823975E-01 a       935     1    11     2    10
 -7.3855067964316667E-01 a       936     1    11     2    11
  6.1491673434150096E-01 a       937     1    11     2    12
 -5.7186348810779453E-01 a       938     1    11     2    13
  4.7684815922427813E-02 a       939     1    11     2    14
 -8.4600162175114485E-02 a       940     1    11     2    15
  1.0108057116871078E-01 a       941     1    11     2    16
  1.1193068658024355E-01 a       942     1    11     2    17
  3.0444027952778313E-01 a       943     1    11     2    18
  2.3811330434031436E-01 a       944     1    11     2    19
  4.6791817289236104E-01 a       945     1    11     2    20
 -7.1219436898771568E-02 a       946     1    11     2    21
  6.1626882512803283E-01 a       947     1    11     2    22
 -1.9968044590141082E-01 a       948     1    11     2    23
  4.8253065548219987E-01 a       949     1    11     2    24
 -4.4837737193559613E-01 a       950     1    11     2    25
 -7.1140774390676703E-02 a       951     1    12     2     1
 -3.6398076518882383E-01 a       952     1    12     2     2
 -1.5191975949844543E-02 a       953     1    12     2     3
 -5.4193393655507377E-03 a       954     1    12     2     4
  4.6068065027599442E-01 a       955     1    12     2     5
  2.3390984412911750E-01 a       956     1    12     2     6
  2.3445223352771771E-01 a       957     1    12     2     7
  3.7448521710713151E-01 a       958     1    12     2     8
  9.0697202509770647E-01 a       959     1    12     2     9
 -1.4932210105405494E-01 a       960     1    12     2    10
  6.5988476889556225E-01 a       961     1    12     2    11
  4.1770376026198291E-01 a       962     1    12     2    12
 -2.2208675239290135E-01 a       963     1    12     2    13
  3.9943349606607642E-01 a       964     1    12     2    14
 -2.2796375804335908E-01 a       965     1    12     2    15
  5.0109135286319162E-01 a       966     1    12     2    16
  2.3110291375184355E-01 a       967     1    12     2    17
  1.2871300525802104E-03 a       968     1    12     2    18
 -7.5850958639159838E-01 a       969     1    12     2    19
  3.1235501576463021E-01 a       970     1    12     2    20
 -4.1616152331342637E-01 a       971     1    12     2    21
 -2.2212767334380210E-01 a       972     1    12     2    22
  3.1724200841081868E-01 a       973     1    12     2    23
 -1.9759133901509943E-01 a       974     1    12     2    24
 -4.2973495982892407E-01 a       975     1    12     2    25
  1.7576051969607356E-01 a       976     1    13     2     1
  8.0329031050485836E-03 a       977     1    13     2     2
 -3.8296951875214263E-01 a       978     1    13     2     3
  2.5018287046593274E-01 a       979     1    13     2     4
  3.7672835622022033E-01 a       980     1    13     2     5
  5.6336547887528531E-02 a       981     1    13     2     6
 -3.5740132569713334E-01 a       982     1    13     2     7
 -2.5709906075576516E-01 a       983     1    13     2     8
  4.1656364104417143E-01 a       984     1    13     2     9
  4.6424154601026518E-01 a       985     1    13     2    10
  4.9362110709739154E-01 a       986     1    13     2    11
  9.8812158896787378E-02 a       987     1    13     2    12
  9.5731255619630098E-02 a       988     1    13     2    13
 -5.3846978873376368E-02 a       989     1    13     2    14
  3.2629382164394781E-02 a       990     1    13     2    15
 -1.5059369460860911E-01 a       991     1    13     2    16
  5.6295608218731463E-01 a       992     1    13     2    17
 -1.0031265165727581E-01 a       993     1    13     2    18
  5.7291219495938774E-02 a       994     1    13     2    19
  3.6048373588628357E-01 a       995     1    13     2    20
 -1.5373993143037551E-01 a       996     1    13     2    21
 -4.6398093092209580E-01 a       997     1    13     2    22
  3.9413702339688848E-02 a       998     1    13     2    23
  7.8022342855779026E-01 a       999     1    13     2    24
  8.6967718306281180E-02 a      1000     1    13     2    25
  3.1607950504118071E-01 a      1001     1    14     2     1
 -3.3707617880847099E-02 a      1002     1    14     2     2
 -6.0214172088840660E-02 a      1003     1    14     2     3
  4.5931784974381945E-01 a      1004     1    14     2     4
 -4.7868075381528097E-02 a      1005     1    14     2     5
 -3.3037265277909794E-01 a      1006     1    14     2     6
  5.5242809861408237E-01 a      1007     1    14     2     7
 -3.2422315286867959E-01 a      1008     1    14     2     8
  2.2114368669704110E-02 a      1009     1    14     2     9
  6.6277101994716514E-01 a      1010     1    14     2    10
 -1.1292242113425677E+00 a      1011     1    14     2    11
  2.8562230731444954E-01 a      1012     1    14     2    12
 -2.1955477161364673E-01 a      1013     1    14     2    13
 -3.8659555175726373E-01 a      1014     1    14     2    14
  2.8884707695997591E-01 a      1015     1    14     2    15
 -3.1773284197829810E-01 a      1016     1    14     2    16
 -4.4901763615711798E-01 a      1017     1    14     2    17
 -4.3988032840991613E-02 a      1018     1    14     2    18
  4.1784887643698687E-01 a      1019     1    14     2    19
  2.3867416112504256E-01 a      1020     1    14     2    20
  5.1620825767786827E-01 a      1021     1    14     2    21
 -6.0506968190803825E-02 a      1022     1    14     2    22
 -1.3478058346300736E-01 a      1023     1    14     2    23
 -2.8553949595015676E-01 a      1024     1    14     2    24
  3.8448620069448841E-01 a      1025     1    14     2    25
 -1.5228243931914640E-01 a      1026     1    15     2     1
 -4.5503259501854076E-01 a      1027     1    15     2     2
 -1.3036707566537140E-01 a      1028     1    15     2     3
  4.3247710275387358E-01 a      1029     1    15     2     4
  1.4743325194666307E-01 a      1030     1    15     2     5
  2.7045212499202487E-02 a      1031     1    15     2     6
  5.9048228137777992E-01 a      1032     1    15     2     7
 -6.3227332419332360E-01 a      1033     1    15     2     8
  9.9117634437792135E-01 a      1034     1    15     2     9
  3.2424138754844667E-01 a      1035     1    15     2    10
 -1.0688312204141210E+00 a      1036     1    15     2    11
 -2.7204923937931509E-02 a      1037     1    15     2    12
 -2.7890862593109961E-01 a      1038     1    15     2    13
  4.0170157562631226E-01 a      1039     1    15     2    14
 -5.6117632444202725E-01 a      1040     1    15     2    15
  4.3276795225805270E-01 a      1041     1    15     2    16
  1.0593793377289501E-01 a      1042     1    15     2    17
 -1.7967259076789632E-01 a      1043     1    15     2    18
 -3.6238083394893789E-01 a      1044     1    15     2    19
  1.2561413952189918E-01 a      1045     1    15     2    20
  5.9780940670189398E-01 a      1046     1    15     2    21
 -2.9503524905132178E-01 a      1047     1    15     2    22
  2.5920559938782523E-01 a      1048     1    15     2    23
  1.4023403900320650E+00 a      1049     1    15     2    24
  2.3209191501364693E-02 a      1050     1    15     2    25
  3.3363301059033235E-01 a      1051     1    16     2     1
 -8.6100975356534082E-01 a      1052     1    16     2     2
 -2.2567757636820754E-01 a      1053     1    16     2     3
  3.1608869107109849E-01 a      1054     1    16     2     4
  1.0588827084558621E+00 a      1055     1    16     2     5
  3.1180581247812167E-01 a      1056     1    16     2     6
  3.6386185640790070E-01 a      1057     1    16     2     7
  8.5514301445382568E-01 a      1058     1    16     2     8
 -5.1302718983179174E-01 a      1059     1    16     2     9
  8.8872157653578518E-02 a      1060     1    16     2    10
  2.5387882195204892E-01 a      1061     1    16     2    11
  1.1434216437668314E-01 a      1062     1    16     2    12
 -6.6638833448609533E-02 a      1063     1    16     2    13
  3.7162744570360157E-01 a      1064     1    16     2    14
  6.9220812500788806E-02 a      1065     1    16     2    15
 -3.4027333259586517E-01 a      1066     1    16     2    16
  1.2761025020093483E-01 a      1067     1    16     2    17
  1.4361574527621540E-01 a      1068     1    16     2    18
 -2.5582484729894345E-01 a      1069     1    16     2    19
 -1.2817829142331089E-01 a      1070     1    16     2    20
 -1.0631467419876202E+00 a      1071     1    16     2    21
 -3.2130779640692592E-01 a      1072     1    16     2    22
  8.8164715232915428E-02 a      1073     1    16     2    23
  1.0983103099630107E-02 a      1074     1    16     2    24
 -3.1937618586041222E-01 a      1075     1    16     2    25
 -2.8507429944318097E-01 a      1076     1    17     2     1
 -1.3640477382617883E-01 a      1077     1    17     2     2
 -2.3792865988882236E-01 a      1078     1    17     2     3
 -1.1280761070512941E-02 a      1079     1    17     2     4
  8.3582244118006133E-01 a      1080     1    17     2     5
  1.0161164517128268E-01 a      1081     1    17     2     6
  7.4674899885558332E-01 a      1082     1    17     2     7
 -1.9533551303224375E-01 a      1083     1    17     2     8
  2.4960860156029224E-01 a      1084     1    17     2     9
 -1.0079773413703901E+00 a      1085     1    17     2    10
  3.7727889138248222E-01 a      1086     1    17     2    11
 -3.9737824191337751E-01 a      1087     1    17     2    12
 -4.5570167242743037E-01 a      1088     1    17     2    13
  3.4549766757217315E-01 a      1089     1    17     2    14
  4.1340010984395564E-01 a      1090     1    17     2    15
  3.6883308762180544E-01 a      1091     1    17     2    16
 -3.3599809732645758E-01 a      1092     1    17     2    17
 -3.8136916711815938E-01 a      1093     1    17     2    18
 -3.9902045859796581E-01 a      1094     1    17     2    19
  4.9511148163349972E-01 a      1095     1    17     2    20
 -7.8775274494484945E-02 a      1096     1    17     2    21
  3.6081297670864843E-01 a      1097     1    17     2    22
  2.6697852476802564E-01 a      1098     1    17     2    23
 -1.4101979350898236E-01 a      1099     1    17     2    24
 -2.4572360805904842E-01 a      1100     1    17     2    25
  2.7463586485091934E-01 a      1101     1    18     2     1
 -3.8380179702476530E-01 a      1102     1    18     2     2
 -2.4638741832976388E-01 a      1103     1    18     2     3
 -2.0976771869676131E-01 a      1104     1    18     2     4
  5.5742898665247476E-01 a      1105     1    18     2     5
  2.4215509123129206E-01 a      1106     1    18     2     6
  2.7409639480037373E-01 a      1107     1    18     2     7
 -1.3658904662427737E-01 a      1108     1    18     2     8
  1.8333083355843116E-01 a      1109     1    18     2     9
  4.7627943005555551E-01 a      1110     1    18     2    10
  7.3179729436760954E-01 a      1111     1    18     2    11
 -8.7748280334639891E-04 a      1112     1    18     2    12
 -7.2269815739056398E-01 a      1113     1    18     2    13
  4.8586351261247174E-01 a      1114     1    18     2    14
 -3.9460477623927986E-01 a      1115     1    18     2    15
  2.9807576144861698E-02 a      1116     1    18     2    16
  1.9537343680267652E-01 a      1117     1    18     2    17
  1.6630481503929620E-01 a      1118     1    18     2    18
  3.2785645971492239E-01 a      1119     1    18     2    19
 -4.5879632405909626E-01 a      1120     1    18     2    20
  2.7519348782953185E-01 a      1121     1    18     2    21
 -4.5693186159440752E-01 a      1122     1    18     2    22
  2.3928290192015483E-01 a      1123     1    18     2    23
  9.1005861210320871E-01 a      1124     1    18     2    24
 -6.2843967620606989E-01 a      1125     1    18     2    25
  1.8821434826272823E-01 a      1126     1    19     2     1
 -7.0153636176993028E-01 a      1127     1    19     2     2
  1.9771312912515160E-02 a      1128     1    19     2     3
 -1.7613714712128789E-01 a      1129     1    19     2     4
  5.9222628548995437E-01 a      1130     1    19     2     5
  2.2455014591429984E-01 a      1131     1    19     2     6
 -7.1729564706575522E-01 a      1132     1    19     2     7
 -5.3164385165073125E-01 a      1133     1    19     2     8
 -3.9424352261739271E-01 a      1134     1    19     2     9
  1.5283759097954848E+00 a      1135     1    19     2    10
  2.2197881369004016E-01 a      1136     1    19     2    11
  5.4840986219045995E-01 a      1137     1    19     2    12
 -9.2009533859209722E-02 a      1138     1    19     2    13
  3.1377500743713004E-02 a      1139     1    19     2    14
  5.9377283033837303E-01 a      1140     1    19     2    15
  2.8473700827363002E-01 a      1141     1    19     2    16
  4.0113195621523895E-01 a      1142     1    19     2    17
  3.6598869404212209E-01 a      1143     1    19     2    18
 -4.8645886496430568E-03 a      1144     1    19     2    19
  3.1326115776511060E-01 a      1145     1    19     2    20
 -7.5173526661627432E-01 a      1146     1    19     2    21
 -5.5147329663132183E-02 a      1147     1    19     2    22
  5.5013046232261491E-02 a      1148     1    19     2    23
 -3.8564420715415232E-01 a      1149     1    19     2    24
 -2.4792148266504394E-01 a      1150     1    19     2    25
 -4.1331341453486281E-01 a      1151     1    20     2     1
 -6.7268420223564673E-01 a      1152     1    20     2     2
  4.3508586311785702E-01 a      1153     1    20     2     3
  3.2486598627438096E-01 a      1154     1    20     2     4
  6.6245248754648733E-01 a      1155     1    20     2     5
 -1.1252086867629858E-01 a      1156     1    20     2     6
  5.7767190167520488E-01 a      1157     1    20     2     7
 -1.9115438599779364E+00 a      1158     1    20     2     8
  2.7135042179803603E-01 a      1159     1    20     2     9
  2.5595286231953623E-01 a      1160     1    20     2    10
 -1.1920479503369488E-01 a      1161     1    20     2    11
  3.2204472173879284E-01 a      1162     1    20     2    12
 -5.3877739005668679E-01 a      1163     1    20     2    13
 -1.1929077768562915E-01 a      1164     1    20     2    14
 -1.6113054641775759E-01 a      1165     1    20     2    15
 -4.5111528844838628E-02 a      1166     1    20     2    16
  1.0231019685473774E-02 a      1167     1    20     2    17
 -2.4854553385110631E-01 a      1168     1    20     2    18
 -2.1595499639076779E-01 a      1169     1    20     2    19
  3.6367077447810148E-01 a      1170     1    20     2    20
 -1.3249584261999623E-03 a      1171     1    20     2    21
  4.7467304422254730E-01 a      1172     1    20     2    22
  5.7506780430007232E-01 a      1173     1    20     2    23
 -4.9799063800695692E-01 a      1174     1    20     2    24
  2.0513061146260322E-01 a      1175     1    20     2    25
 -6.2580898854110478E-01 a      1176     1    21     2     1
  9.7406950602498044E-02 a      1177     1    21     2     2
 -5.7357421124943497E-01 a      1178     1    21     2     3
 -1.5285916827144613E-01 a      1179     1    21     2     4
 -2.3887193531074871E-01 a      1180     1    21     2     5
 -9.3550519866994322E-02 a      1181     1    21     2     6
 -2.9813438324712371E-01 a      1182     1    21     2     7
 -4.0593303690600896E-01 a      1183     1    21     2     8
  2.4366997394775332E-02 a      1184     1    21     2     9
 -4.9658610588905289E-01 a      1185     1    21     2    10
 -1.6869044190973712E+00 a      1186     1    21     2    11
  2.9268269117788187E-01 a      1187     1    21     2    12
  2.9169432758229907E-01 a      1188     1    21     2    13
  2.9197679658746217E-01 a      1189     1    21     2    14
  3.8732887007984118E-01 a      1190     1    21     2    15
 -3.1312191935159084E-01 a      1191     1    21     2    16
  2.4720396817054574E-01 a      1192     1    21     2    17
 -2.6924747086113338E-01 a      1193     1    21     2    18
 -8.8100138888514964E-02 a      1194     1    21     2    19
 -3.9351779588368901E-01 a      1195     1    21     2    20
  4.6485976385254252E-01 a      1196     1    21     2    21
 -5.9404144430700312E-01 a      1197     1    21     2    22
  4.6683697142943281E-01 a      1198     1    21     2    23
 -4.2815870989326893E-01 a      1199     1    21     2    24
 -2.5992861740046491E-01 a      1200     1    21     2    25
  4.3605305783350323E-01 a      1201     1    22     2     1
  2.9361913861087696E-01 a      1202     1    22     2     2
  3.3233115074294628E-01 a      1203     1    22     2     3
 -5.1470095481886496E-02 a      1204     1    22     2     4
 -3.2417677952818891E-01 a      1205     1    22     2     5
 -1.2341179294639262E-02 a      1206     1    22     2     6
 -9.6658870249290207E-02 a      1207     1    22     2     7
  1.0243115056093981E+00 a      1208     1    22     2     8
 -3.8519129918763016E-02 a      1209     1    22     2     9
 -5.5033697588068065E-01 a      1210     1    22     2    10
  1.5203681659492083E-01 a      1211     1    22     2    11
  3.9663202412974413E-01 a      1212     1    22     2    12
  2.6707563161343556E-01 a      1213     1    22     2    13
  3.7415506210551969E-01 a      1214     1    22     2    14
  1.6668498437718030E-01 a      1215     1    22     2    15
 -1.5638804471857706E-01 a      1216     1    22     2    16
  1.0041385819339622E-01 a      1217     1    22     2    17
  1.5648131127653070E-01 a      1218     1    22     2    18
  1.7374183419856939E-01 a      1219     1    22     2    19
 -8.8372004118805325E-01 a      1220     1    22     2    20
  1.3831104079590048E-01 a      1221     1    22     2    21
 -3.9088717220495772E-01 a      1222     1    22     2    22
  4.7067930434716770E-01 a      1223     1    22     2    23
 -6.3124313029395207E-01 a      1224     1    22     2    24
  7.7940645914623491E-02 a      1225     1    22     2    25
  3.6042123074819693E-01 a      1226     1    23     2     1
  3.8545384011550438E-01 a      1227     1    23     2     2
 -3.3511183522311822E-01 a      1228     1    23     2     3
  9.9379292683498086E-02 a      1229     1    23     2     4
 -1.6717332959640065E+00 a      1230     1    23     2     5
  6.7376607030354518E-01 a      1231     1    23     2     6
  4.8942677711379368E-01 a      1232     1    23     2     7
  1.7426039624904027E-01 a      1233     1    23     2     8
 -1.8203042326509497E-01 a      1234     1    23     2     9
  3.5473690236090000E-01 a      1235     1    23     2    10
 -2.6979710645208272E+00 a      1236     1    23     2    11
 -5.5569051001187586E-01 a      1237     1    23     2    12
  4.9264331287695567E-01 a      1238     1    23     2    13
  2.3746209324118212E-01 a      1239     1    23     2    14
  7.1885386907457904E-01 a      1240     1    23     2    15
  6.6386663747575569E-02 a      1241     1    23     2    16
 -2.5285590903605032E-01 a      1242     1    23     2    17
 -9.1700260309508355E-02 a      1243     1    23     2    18
  3.1583595628996169E-01 a      1244     1    23     2    19
  6.7454713956581525E-01 a      1245     1    23     2    20
  1.2450729116875804E-01 a      1246     1    23     2    21
 -1.5466364723053061E-01 a      1247     1    23     2    22
 -1.3835926393272838E-01 a      1248     1    23     2    23
 -3.6531923872156241E-01 a      1249     1    23     2    24
 -5.9812164233060761E-01 a      1250     1    23     2    25
  7.6874383477771668E-01 a      1251     1    24     2     1
 -1.7459042601895680E-01 a      1252     1    24     2     2
 -2.6646066117015732E-01 a      1253     1    24     2     3
  8.1954537419500262E-02 a      1254     1    24     2     4
  4.2490823915873799E-01 a      1255     1    24     2     5
  1.3367009607062824E-01 a      1256     1    24     2     6
 -3.3213381748504295E-01 a      1257     1    24     2     7
  5.8720515165069542E-01 a      1258     1    24     2     8
 -4.5395309812085988E-01 a      1259     1    24     2     9
  1.1937965022193801E-01 a      1260     1    24     2    10
 -6.9882378385511867E-01 a      1261     1    24     2    11
 -7.6033671957994278E-02 a      1262     1    24     2    12
  4.1982609267777263E-02 a      1263     1    24     2    13
  2.4066960015156563E-01 a      1264     1    24     2    14
  3.2395858114801562E-01 a      1265     1    24     2    15
  1.8157157325043697E-02 a      1266     1    24     2    16
  8.9725671952718272E-03 a      1267     1    24     2    17
 -4.0974011972700070E-01 a      1268     1    24     2    18
 -7.9361285056861283E-02 a      1269     1    24     2    19
 -7.1124498174458192E-02 a      1270     1    24     2    20
 -2.4444498914689969E-01 a      1271     1    24     2    21
 -5.6873543360414414E-01 a      1272     1    24     2    22
 -2.4461708744304911E-01 a      1273     1    24     2    23
 -2.0944317316981073E-01 a      1274     1    24     2    24
  1.7713289218526893E-01 a      1275     1    24     2    25
  4.3106679814359550E-01 a      1276     1    25     2     1
 -6.1367618585786743E-01 a      1277     1    25     2     2
  2.5958259807648992E-01 a      1278     1    25     2     3
  6.5775752040261301E-02 a      1279     1    25     2     4
 -3.5716569631983108E-01 a      1280     1    25     2     5
 -2.8359999336933550E-01 a      1281     1    25     2     6
  1.2490288781731709E+00 a      1282     1    25     2     7
 -8.2399100306981565E-01 a      1283     1    25     2     8
  1.2312983677978229E-01 a      1284     1    25     2     9
  8.0725766956318090E-01 a      1285     1    25     2    10
  1.2210917622985000E+00 a      1286     1    25     2    11
 -4.6630225748414361E-01 a      1287     1    25     2    12
 -1.7870510432164910E-01 a      1288     1    25     2    13
  2.7069488148203086E-01 a      1289     1    25     2    14
  4.5769362394700874E-01 a      1290     1    25     2    15
  6.5872663084473582E-01 a      1291     1    25     2    16
  3.3385419801036537E-01 a      1292     1    25     2    17
 -6.6200235907225458E-02 a      1293     1    25     2    18
 -1.9681305426739948E-01 a      1294     1    25     2    19
  7.0940843628010020E-01 a      1295     1    25     2    20
  2.3707338473565134E-01 a      1296     1    25     2    21
 -1.4464154182538955E-01 a      1297     1    25     2    22
  2.3352334643385271E-02 a      1298     1    25     2    23
  1.9833142582577432E-01 a      1299     1    25     2    24
  5.4162782577896940E-01 a      1300     1    25     2    25
  1.2159482317530435E-01 b      1301     2     1
  4.6137776245716089E-01 b      1302     2     2
 -1.4807214491477647E-01 b      1303     2     3
  2.0442801853845066E-01 b      1304     2     4
 -2.4479785469799367E-01 b      1305     2     5
 -5.1399898455431292E-01 b      1306     2     6
 -6.1155659970544028E-02 b      1307     2     7
  1.5004848947399790E-01 b      1308     2     8
 -3.1590687258655009E-01 b      1309     2     9
 -6.3143286900197904E-01 b      1310     2    10
 -3.1507804268915707E-01 b      1311     2    11
  9.9568220601524371E-02 b      1312     2    12
  1.5146577231316211E-02 b      1313     2    13
  1.9746172484243463E-01 b      1314     2    14
 -1.5004923965018221E-01 b      1315     2    15
 -3.0219632286211368E-01 b      1316     2    16
  1.2187296991686192E-01 b      1317     2    17
 -1.3133936614840325E+00 b      1318     2    18
  4.1522536296337439E-02 b      1319     2    19
  9.9685594068584418E-02 b      1320     2    20
  8.5471089063963279E-02 b      1321     2    21
  4.7205170580696287E-01 b      1322     2    22
 -1.3952972965782071E-01 b      1323     2    23
 -4.0725980232652298E-01 b      1324     2    24
  5.9558254456691544E-02 b      1325     2    25
 -2.3468439223496126E-01 a      1326     2     1     3     1
 -1.1310705185471673E-01 a      1327     2     2     3     1
  1.3970594875747669E-01 a      1328     2     3     3     1
 -2.2526021935015794E-01 a      1329     2     4     3     1
  6.1536955282367349E-02 a      1330     2     5     3     1
  2.8873786265696211E-01 a      1331     2     6     3     1
  7.7327369107599991E-02 a      1332     2     7     3     1
 -3.6584913415022173E-02 a      1333     2     8     3     1
  2.0481989811179457E-01 a      1334     2     9     3     1
 -1.3411354593779259E-01 a      1335     2    10     3     1
 -1.2624728401651316E-02 a      1336     2    11     3     1
  1.6725588730679333E-01 a      1337     2    12     3     1
  2.4992821870776372E-01 a      1338     2    13     3     1
 -2.2108282067198451E-01 a      1339     2    14     3     1
  2.1448063487791172E-01 a      1340     2    15     3     1
  1.3419781734453629E-01 a      1341     2    16     3     1
 -2.8507706968982566E-01 a      1342     2    17     3     1
  1.0771567497261920E+00 a      1343     2    18     3     1
  2.6731899813515092E-01 a      1344     2    19     3     1
 -1.1603774106342339E-01 a      1345     2    20     3     1
 -2.1710026814118316E-01 a      1346     2    21     3     1
 -2.5153972224542753E-01 a      1347     2    22     3     1
 -2.3324120792357381E-01 a      1348     2    23     3     1
  1.6720578010845699E-01 a      1349     2    24     3     1
  1.8002959104834526E-01 a      1350     2    25     3     1
 -1.5084844538085040E+00 b      1351     3     1
