################################################################################
# Neural network connection values (weights and biases).
################################################################################
# Col  Name       Description
################################################################################
# 1    connection Neural network connection value.
# 2    t          Connection type (a = weight, b = bias).
# 3    index      Index enumerating weights.
# 4    l_s        Starting point layer (end point layer for biases).
# 5    n_s        Starting point neuron in starting layer (end point neuron for biases).
# 6    l_e        End point layer.
# 7    n_e        End point neuron in end layer.
################################################################################
#                      1 2         3     4     5     6     7
#             connection t     index   l_s   n_s   l_e   n_e
############################################################
 -1.5991879055607925E+00 a         1     0     1     1     1
 -2.4752436930010733E+00 a         2     0     1     1     2
  2.2266663887013758E+00 a         3     0     1     1     3
 -8.6570014377787585E-01 a         4     0     1     1     4
  1.1479889109830375E+00 a         5     0     1     1     5
  6.5414384218162427E+00 a         6     0     1     1     6
  1.7150708926450109E+00 a         7     0     1     1     7
  2.0581239710469731E-01 a         8     0     1     1     8
 -8.8052521496412499E+00 a         9     0     1     1     9
  1.2082007905900036E+00 a        10     0     1     1    10
  3.1277948606002224E+00 a        11     0     1     1    11
 -1.9993347541119686E+00 a        12     0     1     1    12
 -2.3169496388239983E+00 a        13     0     1     1    13
 -3.2750122525424746E-01 a        14     0     1     1    14
 -2.1231302884327374E+00 a        15     0     1     1    15
 -3.3663330643665884E-01 a        16     0     1     1    16
  9.8797568209424398E+00 a        17     0     1     1    17
  6.5428738010435528E-01 a        18     0     1     1    18
 -4.5231055058622696E+00 a        19     0     1     1    19
 -3.5303089523296927E-01 a        20     0     1     1    20
  1.5121032454231593E+00 a        21     0     1     1    21
  1.3469458109543704E+00 a        22     0     1     1    22
  6.0062077560788678E-02 a        23     0     1     1    23
 -8.3972069070757058E+00 a        24     0     1     1    24
  1.8008843274685367E+00 a        25     0     1     1    25
  1.3055989923815656E+00 a        26     0     2     1     1
  1.1901362716184855E-01 a        27     0     2     1     2
 -5.5244014652270454E-02 a        28     0     2     1     3
  4.0800723441909374E-02 a        29     0     2     1     4
 -5.9107544376666088E-01 a        30     0     2     1     5
 -6.6445984913674361E-01 a        31     0     2     1     6
 -6.1777360321405861E-01 a        32     0     2     1     7
 -8.8266443973818026E-02 a        33     0     2     1     8
  2.5319840629028070E+00 a        34     0     2     1     9
  2.8678405943728730E-01 a        35     0     2     1    10
  9.4919980710912388E-01 a        36     0     2     1    11
  2.7390383091840331E-01 a        37     0     2     1    12
  9.8148796523904680E-01 a        38     0     2     1    13
  4.1922664239312635E-01 a        39     0     2     1    14
  1.7046793256955679E+00 a        40     0     2     1    15
 -3.8296650957950473E-01 a        41     0     2     1    16
 -2.2896883437771454E+00 a        42     0     2     1    17
 -8.8731530600279751E-01 a        43     0     2     1    18
  6.5013567441437348E-01 a        44     0     2     1    19
  1.7916585648628702E-01 a        45     0     2     1    20
 -9.3065915472677674E-01 a        46     0     2     1    21
 -1.3694150187094931E-01 a        47     0     2     1    22
 -1.1223486539858956E+00 a        48     0     2     1    23
  1.3203255060645949E+00 a        49     0     2     1    24
 -1.6647686133830272E-01 a        50     0     2     1    25
  1.9823513110065401E+00 a        51     0     3     1     1
  8.3787616842240953E-01 a        52     0     3     1     2
 -1.0641637372458412E+00 a        53     0     3     1     3
  7.0336760023041289E-01 a        54     0     3     1     4
 -1.6436267713504793E+00 a        55     0     3     1     5
 -4.2950163312889904E+00 a        56     0     3     1     6
 -1.7437812868079210E+00 a        57     0     3     1     7
 -9.6494145033428139E-02 a        58     0     3     1     8
  7.9522419457981286E+00 a        59     0     3     1     9
  3.2758160278468444E-02 a        60     0     3     1    10
  2.3208081872626240E-03 a        61     0     3     1    11
  1.5553673440457514E+00 a        62     0     3     1    12
  2.5347349544963942E+00 a        63     0     3     1    13
  9.0471464951688268E-03 a        64     0     3     1    14
  3.1615196172978379E+00 a        65     0     3     1    15
  3.7594212210827760E-01 a        66     0     3     1    16
 -7.8324708533578979E+00 a        67     0     3     1    17
 -1.7961318170472789E+00 a        68     0     3     1    18
  2.9872714775544500E+00 a        69     0     3     1    19
  3.8663359152472837E-01 a        70     0     3     1    20
 -2.0661531064990943E+00 a        71     0     3     1    21
 -6.5999690849404880E-01 a        72     0     3     1    22
 -1.4385707491883002E+00 a        73     0     3     1    23
  6.1544156827739203E+00 a        74     0     3     1    24
 -8.1528052619095182E-01 a        75     0     3     1    25
 -4.0261329226266362E-01 a        76     0     4     1     1
  2.2554679919027492E+00 a        77     0     4     1     2
  1.8020177785079078E-01 a        78     0     4     1     3
 -1.2166395076261112E+00 a        79     0     4     1     4
  9.9909190899929456E-01 a        80     0     4     1     5
 -3.1683308244713477E+00 a        81     0     4     1     6
 -7.4467929489604567E-01 a        82     0     4     1     7
  5.1328169230377674E-01 a        83     0     4     1     8
  1.2532693128683225E+00 a        84     0     4     1     9
 -2.0272708121629957E+00 a        85     0     4     1    10
 -4.8914233385081936E+00 a        86     0     4     1    11
  2.4675755617289594E+00 a        87     0     4     1    12
 -1.4445449016729242E+00 a        88     0     4     1    13
 -1.4597686377056743E-01 a        89     0     4     1    14
 -2.9914518799017387E+00 a        90     0     4     1    15
  3.0267680223853026E+00 a        91     0     4     1    16
 -3.4475852084540839E+00 a        92     0     4     1    17
 -1.3267630362272027E+00 a        93     0     4     1    18
  2.5549209056657429E+00 a        94     0     4     1    19
 -9.9876236773721949E-01 a        95     0     4     1    20
  1.2497379945463810E-01 a        96     0     4     1    21
 -3.8773903918917223E+00 a        97     0     4     1    22
  4.1458223389507820E+00 a        98     0     4     1    23
  6.3125909910212110E+00 a        99     0     4     1    24
  3.4848269574488044E-01 a       100     0     4     1    25
 -3.3254966704184157E+00 a       101     0     5     1     1
 -1.9457543300923683E+00 a       102     0     5     1     2
 -1.8239039764762723E+00 a       103     0     5     1     3
  2.1092595157913530E+00 a       104     0     5     1     4
 -2.4562532178493959E-01 a       105     0     5     1     5
  3.0919739363025442E+00 a       106     0     5     1     6
  2.2737164638067227E+00 a       107     0     5     1     7
 -3.0680350665450606E+00 a       108     0     5     1     8
 -4.7081438668435514E+00 a       109     0     5     1     9
  1.7031488106877266E+00 a       110     0     5     1    10
  7.3969043821305436E-01 a       111     0     5     1    11
 -1.2542024430600458E+00 a       112     0     5     1    12
 -2.5556807682859328E-01 a       113     0     5     1    13
  4.0705047397441248E-02 a       114     0     5     1    14
  1.8353947993755169E+00 a       115     0     5     1    15
 -1.1212278951153341E+00 a       116     0     5     1    16
  5.4059907468394046E+00 a       117     0     5     1    17
  6.1565019646694408E+00 a       118     0     5     1    18
 -2.4197490850793706E+00 a       119     0     5     1    19
  1.6583458364115894E-01 a       120     0     5     1    20
  2.9984715347866877E+00 a       121     0     5     1    21
  5.0999690164470257E+00 a       122     0     5     1    22
 -2.4741654945579103E+00 a       123     0     5     1    23
 -6.8830632587295053E+00 a       124     0     5     1    24
 -2.0945551802489909E-01 a       125     0     5     1    25
  2.3839436182126046E+00 a       126     0     6     1     1
  1.9731821264885482E-01 a       127     0     6     1     2
  1.2597184662430048E+00 a       128     0     6     1     3
 -7.5994183096156109E-01 a       129     0     6     1     4
 -2.8699263751443488E-01 a       130     0     6     1     5
 -9.0746998596152850E-01 a       131     0     6     1     6
 -1.4219352703765924E+00 a       132     0     6     1     7
  1.9707520324740002E+00 a       133     0     6     1     8
  2.6017750256941974E+00 a       134     0     6     1     9
 -1.3463617478210095E+00 a       135     0     6     1    10
  1.8150872685623912E-01 a       136     0     6     1    11
  3.8072963873189133E-02 a       137     0     6     1    12
  7.2169402056478194E-01 a       138     0     6     1    13
  6.8951751177395626E-01 a       139     0     6     1    14
 -6.5561401818957199E-01 a       140     0     6     1    15
  1.3680097885433651E-01 a       141     0     6     1    16
 -2.4628622882019164E+00 a       142     0     6     1    17
 -3.2781021354922784E+00 a       143     0     6     1    18
  3.9981514029635151E-02 a       144     0     6     1    19
  2.1403665554241832E-02 a       145     0     6     1    20
 -1.3535533158157840E+00 a       146     0     6     1    21
 -1.7765472653531806E+00 a       147     0     6     1    22
  1.7428343511865962E-01 a       148     0     6     1    23
  2.2769864788329546E+00 a       149     0     6     1    24
  1.8905247005852868E-01 a       150     0     6     1    25
 -5.9683788636312740E-01 a       151     0     7     1     1
  1.3066467807073467E-01 a       152     0     7     1     2
 -2.1458810527116645E-01 a       153     0     7     1     3
 -7.2835484844730305E-02 a       154     0     7     1     4
  2.1083407542009946E-01 a       155     0     7     1     5
  1.3188534930853471E-01 a       156     0     7     1     6
  4.2124101254645779E-01 a       157     0     7     1     7
 -3.8031223974020312E-01 a       158     0     7     1     8
 -6.2675683776362545E-01 a       159     0     7     1     9
  4.5947787082492619E-01 a       160     0     7     1    10
 -1.5187292731313584E-01 a       161     0     7     1    11
  1.4053217744942847E-01 a       162     0     7     1    12
 -4.5205534823663285E-01 a       163     0     7     1    13
 -1.9917755810507343E-01 a       164     0     7     1    14
  2.7259491805025704E-01 a       165     0     7     1    15
  1.3593959027858446E-01 a       166     0     7     1    16
  3.2570037048951456E-01 a       167     0     7     1    17
  4.6188474039172833E-01 a       168     0     7     1    18
  4.0618531862921609E-01 a       169     0     7     1    19
  1.1738014954440947E-01 a       170     0     7     1    20
  2.6708407120217015E-01 a       171     0     7     1    21
  5.3922737208673810E-01 a       172     0     7     1    22
  1.0749210563377859E-01 a       173     0     7     1    23
 -3.5486189859027784E-01 a       174     0     7     1    24
  6.6798257596405342E-02 a       175     0     7     1    25
  1.9343606306746391E-02 a       176     0     8     1     1
 -7.4537407411821563E-02 a       177     0     8     1     2
 -3.9065738748859026E-02 a       178     0     8     1     3
  1.1275630888917682E-01 a       179     0     8     1     4
 -8.4656652480150103E-03 a       180     0     8     1     5
  2.3109342109290859E-02 a       181     0     8     1     6
  3.0872702472138629E-02 a       182     0     8     1     7
  4.9118088650606774E-02 a       183     0     8     1     8
 -1.0487252416420345E-02 a       184     0     8     1     9
  7.3470152845988108E-03 a       185     0     8     1    10
  1.3927787241467554E-01 a       186     0     8     1    11
 -5.9421671096212617E-02 a       187     0     8     1    12
  6.7071982772996960E-02 a       188     0     8     1    13
  2.5134108849415290E-02 a       189     0     8     1    14
 -8.8078496849781057E-02 a       190     0     8     1    15
 -5.1203495923629154E-02 a       191     0     8     1    16
  7.3251091914059083E-02 a       192     0     8     1    17
  9.8302042120541985E-02 a       193     0     8     1    18
 -1.8500801508519335E-01 a       194     0     8     1    19
 -5.4857441877703396E-02 a       195     0     8     1    20
  6.4399168310760327E-02 a       196     0     8     1    21
 -1.7599871176762957E-01 a       197     0     8     1    22
  6.4069377939720715E-02 a       198     0     8     1    23
 -2.1294251200030799E-03 a       199     0     8     1    24
  2.2013564791125199E-02 a       200     0     8     1    25
 -1.2342963033228060E+00 a       201     0     9     1     1
  2.0240180589864429E-01 a       202     0     9     1     2
 -3.7478227891359213E+00 a       203     0     9     1     3
 -3.5688551174961898E+00 a       204     0     9     1     4
 -4.9164642748279297E+00 a       205     0     9     1     5
 -2.4870709618557263E+00 a       206     0     9     1     6
  9.8530661800455710E-01 a       207     0     9     1     7
 -1.6573240209999041E-01 a       208     0     9     1     8
 -4.1080175283005573E+00 a       209     0     9     1     9
  1.2183085534986675E-01 a       210     0     9     1    10
 -2.2235478120304601E+00 a       211     0     9     1    11
 -5.7408355548566925E-01 a       212     0     9     1    12
 -1.3904538481135906E+00 a       213     0     9     1    13
  3.0241016505027356E+00 a       214     0     9     1    14
 -5.4925495498551928E+00 a       215     0     9     1    15
  3.8478693764053240E+00 a       216     0     9     1    16
  2.9978080551444628E+00 a       217     0     9     1    17
  6.6566509940341723E+00 a       218     0     9     1    18
  1.1288731164199037E+00 a       219     0     9     1    19
 -7.9140924874335572E-01 a       220     0     9     1    20
 -9.8712213852929520E-01 a       221     0     9     1    21
  1.4380431974421612E+00 a       222     0     9     1    22
  1.2215531448742769E+00 a       223     0     9     1    23
  2.4672164627459243E+00 a       224     0     9     1    24
  1.7435371275063589E+00 a       225     0     9     1    25
 -1.4363087012010442E-01 a       226     0    10     1     1
  9.5061732760739248E-01 a       227     0    10     1     2
  3.8146884416189414E-01 a       228     0    10     1     3
  1.4948148052913393E+00 a       229     0    10     1     4
 -9.3787001176420293E-01 a       230     0    10     1     5
 -2.9435905583858122E+00 a       231     0    10     1     6
 -2.7277930736118332E+00 a       232     0    10     1     7
 -1.7761580872199414E+00 a       233     0    10     1     8
  5.3943066459175961E+00 a       234     0    10     1     9
 -5.5392948727696545E-01 a       235     0    10     1    10
 -5.1151217394302217E-01 a       236     0    10     1    11
  3.8026953571882634E-02 a       237     0    10     1    12
  1.6956167637191670E+00 a       238     0    10     1    13
 -4.3265735170610703E-01 a       239     0    10     1    14
  2.9163089152825870E+00 a       240     0    10     1    15
 -2.0723172604418402E-01 a       241     0    10     1    16
 -5.9160300893893796E+00 a       242     0    10     1    17
 -6.9804666130277726E-01 a       243     0    10     1    18
  1.5965245067242286E+00 a       244     0    10     1    19
 -4.7191376938536717E-01 a       245     0    10     1    20
 -7.4735706329693330E-01 a       246     0    10     1    21
  3.0452912601877307E+00 a       247     0    10     1    22
 -2.9257521170880780E+00 a       248     0    10     1    23
  3.8895851816288678E+00 a       249     0    10     1    24
 -1.2495420298544502E+00 a       250     0    10     1    25
 -1.0087795267882089E+00 a       251     0    11     1     1
  5.6500693368111377E-01 a       252     0    11     1     2
  3.5927440681435470E+00 a       253     0    11     1     3
  2.8864616233957854E+00 a       254     0    11     1     4
  9.2726021361583459E+00 a       255     0    11     1     5
  5.6038976261416789E+00 a       256     0    11     1     6
 -2.8928863264878628E+00 a       257     0    11     1     7
 -1.4211475155741009E+00 a       258     0    11     1     8
 -5.1100962423524321E-03 a       259     0    11     1     9
  1.1630313987025174E+00 a       260     0    11     1    10
  1.3805381538494772E+00 a       261     0    11     1    11
 -6.3173848631629881E-01 a       262     0    11     1    12
 -1.4822563523966842E-01 a       263     0    11     1    13
 -2.8756306424690417E+00 a       264     0    11     1    14
  2.5009205429410013E+00 a       265     0    11     1    15
 -2.7621756715404220E+00 a       266     0    11     1    16
  3.6775102712822050E+00 a       267     0    11     1    17
 -3.9134159839848248E+00 a       268     0    11     1    18
 -2.5551161665804618E+00 a       269     0    11     1    19
  5.6343443967756690E-01 a       270     0    11     1    20
  1.5182436179711269E+00 a       271     0    11     1    21
 -3.1638299786092694E+00 a       272     0    11     1    22
  1.3315543737540345E+00 a       273     0    11     1    23
 -7.6982131319539153E+00 a       274     0    11     1    24
 -2.0167221863949614E+00 a       275     0    11     1    25
 -4.7617662747566287E+00 a       276     0    12     1     1
 -3.6330415918067751E+00 a       277     0    12     1     2
  4.3808098061397721E-01 a       278     0    12     1     3
  4.0991756564478496E+00 a       279     0    12     1     4
  4.3681220217937868E+00 a       280     0    12     1     5
  6.0103413557024856E+00 a       281     0    12     1     6
  2.5117019006819845E+00 a       282     0    12     1     7
  4.3849853196188295E+00 a       283     0    12     1     8
 -7.3380288796038089E+00 a       284     0    12     1     9
 -2.1180833897241267E+00 a       285     0    12     1    10
 -3.4666234383985333E+00 a       286     0    12     1    11
  2.4045270529883700E+00 a       287     0    12     1    12
 -2.7355615070436201E+00 a       288     0    12     1    13
 -2.7627016205587709E+00 a       289     0    12     1    14
  2.1450406975265044E+00 a       290     0    12     1    15
 -1.5361933869130617E+00 a       291     0    12     1    16
 -2.5883787019583586E+00 a       292     0    12     1    17
 -6.5393760315160145E+00 a       293     0    12     1    18
 -7.5938053370616636E+00 a       294     0    12     1    19
  4.8809404858693766E+00 a       295     0    12     1    20
  6.0658797655791528E+00 a       296     0    12     1    21
 -2.8544643213558234E+00 a       297     0    12     1    22
 -4.9845920604077648E-01 a       298     0    12     1    23
 -1.2755556959859669E+01 a       299     0    12     1    24
  3.7962563131007219E+00 a       300     0    12     1    25
  1.6716152430037974E+00 a       301     0    13     1     1
 -3.4617984454870421E-01 a       302     0    13     1     2
 -5.6214140761742881E-01 a       303     0    13     1     3
 -6.4629434869470259E-01 a       304     0    13     1     4
 -3.7298174388323380E-01 a       305     0    13     1     5
 -6.8742135081212530E-01 a       306     0    13     1     6
  2.8793091858096793E+00 a       307     0    13     1     7
  1.9478912640571189E+00 a       308     0    13     1     8
 -1.6566404216860489E-01 a       309     0    13     1     9
 -7.5566839413021469E-01 a       310     0    13     1    10
 -3.2840255431034771E-01 a       311     0    13     1    11
  2.5564408597681214E+00 a       312     0    13     1    12
  6.0318537217653179E-01 a       313     0    13     1    13
 -2.7705155354848299E-01 a       314     0    13     1    14
 -1.2275300387689694E-02 a       315     0    13     1    15
  2.1421448042419461E-01 a       316     0    13     1    16
  5.3421084536832841E-01 a       317     0    13     1    17
  1.9107743998555060E+00 a       318     0    13     1    18
  2.4445492518836143E+00 a       319     0    13     1    19
 -2.3385905214304331E-01 a       320     0    13     1    20
 -1.1384417569273260E+00 a       321     0    13     1    21
 -8.7124340823708679E-01 a       322     0    13     1    22
  1.6553934700920294E+00 a       323     0    13     1    23
  1.6853148208136783E+00 a       324     0    13     1    24
 -1.2754885248631012E+00 a       325     0    13     1    25
  8.3305914247256077E+00 a       326     0    14     1     1
  2.3568998245291644E+00 a       327     0    14     1     2
 -7.7387224333475235E-01 a       328     0    14     1     3
 -2.6387388738028243E+00 a       329     0    14     1     4
 -6.4020244376135436E+00 a       330     0    14     1     5
 -8.1468275499210225E+00 a       331     0    14     1     6
  1.6016824457937255E+00 a       332     0    14     1     7
 -8.1911446822849909E-01 a       333     0    14     1     8
  9.5337219442953796E+00 a       334     0    14     1     9
 -8.8926730637793949E-01 a       335     0    14     1    10
  2.2923471338385650E+00 a       336     0    14     1    11
  1.8859705579113255E+00 a       337     0    14     1    12
  4.8500411664364025E+00 a       338     0    14     1    13
  1.9647298955719192E+00 a       339     0    14     1    14
  6.8932596671091528E-01 a       340     0    14     1    15
  2.9008832242680793E-01 a       341     0    14     1    16
 -1.1190354354391714E+00 a       342     0    14     1    17
  7.3337595299794458E+00 a       343     0    14     1    18
  1.2161685309963708E+01 a       344     0    14     1    19
 -5.1116933694271802E+00 a       345     0    14     1    20
 -8.5332770064784231E+00 a       346     0    14     1    21
  4.9444189066889592E+00 a       347     0    14     1    22
 -3.1427860556045945E-01 a       348     0    14     1    23
  1.6159554013019317E+01 a       349     0    14     1    24
 -7.2028911358071941E+00 a       350     0    14     1    25
  1.3260389945590771E+00 a       351     0    15     1     1
 -3.4269937072450496E+00 a       352     0    15     1     2
 -1.0900382731619132E-01 a       353     0    15     1     3
 -2.9172487263550850E-01 a       354     0    15     1     4
  4.4877659873755299E-01 a       355     0    15     1     5
  1.5969315362192387E+00 a       356     0    15     1     6
  4.2745743010367416E+00 a       357     0    15     1     7
 -5.1000264419941521E-01 a       358     0    15     1     8
 -6.7690020997754861E+00 a       359     0    15     1     9
 -1.3247371773843404E+00 a       360     0    15     1    10
 -2.3966826071983940E+00 a       361     0    15     1    11
 -2.7168224959085929E+00 a       362     0    15     1    12
  4.6889272834990353E-01 a       363     0    15     1    13
  7.7850485511395021E-02 a       364     0    15     1    14
  2.8006146367189032E-02 a       365     0    15     1    15
 -2.1136848045030447E+00 a       366     0    15     1    16
  3.9887671516394354E+00 a       367     0    15     1    17
 -3.0206376639377339E+00 a       368     0    15     1    18
 -2.5154014245651322E+00 a       369     0    15     1    19
 -5.7062365868688969E-01 a       370     0    15     1    20
  1.9212714389525374E+00 a       371     0    15     1    21
 -2.6906256958067267E+00 a       372     0    15     1    22
  1.4750370277849674E+00 a       373     0    15     1    23
 -1.8025698271554538E+00 a       374     0    15     1    24
  2.2791261539050320E+00 a       375     0    15     1    25
  6.7302498689484314E-01 a       376     0    16     1     1
 -4.8794278325803569E-01 a       377     0    16     1     2
  6.2044936854068544E-01 a       378     0    16     1     3
  7.9178601390588321E-01 a       379     0    16     1     4
 -2.0034051770053765E+00 a       380     0    16     1     5
 -1.4339015678038782E+00 a       381     0    16     1     6
  3.2852014035247140E-01 a       382     0    16     1     7
  4.2587688100442034E-01 a       383     0    16     1     8
  1.7496114458205447E+00 a       384     0    16     1     9
 -9.4817354224703621E-01 a       385     0    16     1    10
  2.0824199582472822E-01 a       386     0    16     1    11
 -5.1661162644825664E-01 a       387     0    16     1    12
  5.9651709079980964E-01 a       388     0    16     1    13
 -3.4733680373346743E-01 a       389     0    16     1    14
  1.6186678408590958E+00 a       390     0    16     1    15
 -1.0499668283808024E+00 a       391     0    16     1    16
 -3.7465095572537872E+00 a       392     0    16     1    17
 -2.1672911110303801E+00 a       393     0    16     1    18
  1.2361101591657213E-01 a       394     0    16     1    19
 -1.5960263938446723E-01 a       395     0    16     1    20
  4.6381194299878310E-02 a       396     0    16     1    21
  1.4514235976075223E+00 a       397     0    16     1    22
 -2.6928462430209712E+00 a       398     0    16     1    23
  2.8346109927412613E+00 a       399     0    16     1    24
 -2.8734836822000809E-01 a       400     0    16     1    25
 -1.3780355381220907E-01 a       401     0    17     1     1
  3.2213835623603537E+00 a       402     0    17     1     2
 -4.2621102600364269E-01 a       403     0    17     1     3
 -1.6517972263432104E+00 a       404     0    17     1     4
 -7.9816448164906673E-01 a       405     0    17     1     5
 -5.4251811525384119E-01 a       406     0    17     1     6
 -7.1221729592344019E-01 a       407     0    17     1     7
  2.8022070018118335E+00 a       408     0    17     1     8
  3.6129597294941496E+00 a       409     0    17     1     9
  1.9910086005860854E+00 a       410     0    17     1    10
  3.8272807048421362E+00 a       411     0    17     1    11
  2.8196085894293081E+00 a       412     0    17     1    12
 -9.6358259560754356E-01 a       413     0    17     1    13
  1.6750679703412011E-01 a       414     0    17     1    14
 -1.8858670311009182E+00 a       415     0    17     1    15
  1.4668899009631973E+00 a       416     0    17     1    16
 -4.0339735824152878E-01 a       417     0    17     1    17
  3.1773975743290004E+00 a       418     0    17     1    18
  2.0178683944217579E+00 a       419     0    17     1    19
  1.6238829204616538E+00 a       420     0    17     1    20
 -1.7969144761933116E+00 a       421     0    17     1    21
 -4.6597004556721283E-01 a       422     0    17     1    22
  1.8216995347021783E+00 a       423     0    17     1    23
 -1.6661182687604101E-01 a       424     0    17     1    24
 -1.3149181685441755E+00 a       425     0    17     1    25
 -2.6734074027273058E+00 a       426     0    18     1     1
  2.4381414287559280E+00 a       427     0    18     1     2
 -4.1310305063598136E+00 a       428     0    18     1     3
  5.4003291954903643E-01 a       429     0    18     1     4
  8.1968805480840545E-01 a       430     0    18     1     5
  3.3751219000638122E-01 a       431     0    18     1     6
 -2.1273784418327493E+00 a       432     0    18     1     7
 -2.4193467958052994E+00 a       433     0    18     1     8
  8.1896550608516225E+00 a       434     0    18     1     9
  6.8531878300949289E+00 a       435     0    18     1    10
  1.5415225553105647E+00 a       436     0    18     1    11
  3.7139934428738425E-01 a       437     0    18     1    12
 -1.6369987719525185E+00 a       438     0    18     1    13
  1.3223179720160190E+00 a       439     0    18     1    14
  9.1690232944583583E-01 a       440     0    18     1    15
  1.9615112321598871E+00 a       441     0    18     1    16
 -7.7485483455938198E-01 a       442     0    18     1    17
  7.9028238641518056E-01 a       443     0    18     1    18
  1.5720045423407774E+00 a       444     0    18     1    19
  4.9620091134789597E+00 a       445     0    18     1    20
  2.5647139674298574E+00 a       446     0    18     1    21
 -2.2264435771932560E+00 a       447     0    18     1    22
  8.0257445554651170E+00 a       448     0    18     1    23
 -4.0088555272725017E+00 a       449     0    18     1    24
  3.6091468332141332E+00 a       450     0    18     1    25
 -2.1200631578799034E+00 a       451     0    19     1     1
 -2.6649096003909045E-01 a       452     0    19     1     2
  2.7159021693289770E-01 a       453     0    19     1     3
  9.6985527305875910E-02 a       454     0    19     1     4
  9.7962957552502761E-01 a       455     0    19     1     5
  1.2947068586050168E+00 a       456     0    19     1     6
 -2.7462643233139348E+00 a       457     0    19     1     7
 -2.2159549903218561E+00 a       458     0    19     1     8
 -6.7970443521885027E-01 a       459     0    19     1     9
  7.0364860484305058E-01 a       460     0    19     1    10
  1.2025089503632838E+00 a       461     0    19     1    11
 -3.2545796822391879E+00 a       462     0    19     1    12
 -1.3928927450147468E+00 a       463     0    19     1    13
  7.6068691859858339E-01 a       464     0    19     1    14
 -1.0877702916939560E+00 a       465     0    19     1    15
  3.9831668704308243E-01 a       466     0    19     1    16
  1.4322776013931675E+00 a       467     0    19     1    17
 -1.0557862128545263E+00 a       468     0    19     1    18
 -3.8361693204389997E+00 a       469     0    19     1    19
 -4.4689839032893580E-01 a       470     0    19     1    20
  1.9902550082233219E+00 a       471     0    19     1    21
 -5.2969380013162893E-03 a       472     0    19     1    22
 -7.2532434822333236E-01 a       473     0    19     1    23
 -2.0732269666796133E+00 a       474     0    19     1    24
  1.8221205200214754E+00 a       475     0    19     1    25
 -1.3879714047245506E+00 a       476     0    20     1     1
 -2.2261695997909903E+00 a       477     0    20     1     2
  3.2829336406256737E+00 a       478     0    20     1     3
 -1.0427040781768704E+00 a       479     0    20     1     4
  1.3335800740848158E+00 a       480     0    20     1     5
  1.9048511478668484E+00 a       481     0    20     1     6
 -1.9705005324278915E+00 a       482     0    20     1     7
 -1.0919199780841011E+00 a       483     0    20     1     8
 -9.7115253150322278E+00 a       484     0    20     1     9
 -3.9625412872200596E+00 a       485     0    20     1    10
 -1.5089214774059454E-02 a       486     0    20     1    11
 -6.5472654334827620E+00 a       487     0    20     1    12
 -1.0460873451001340E+00 a       488     0    20     1    13
 -2.3596861980778633E-01 a       489     0    20     1    14
 -3.1638709410591637E+00 a       490     0    20     1    15
 -1.1923570098802130E+00 a       491     0    20     1    16
  4.3404961190776659E+00 a       492     0    20     1    17
 -2.3913163197714589E+00 a       493     0    20     1    18
 -9.2160994080009573E+00 a       494     0    20     1    19
 -4.6510135230157577E+00 a       495     0    20     1    20
  2.0415878224738622E+00 a       496     0    20     1    21
 -4.6940702309102128E-01 a       497     0    20     1    22
 -7.4001008407339040E+00 a       498     0    20     1    23
 -2.3150891769088013E+00 a       499     0    20     1    24
  4.7960696337330178E-01 a       500     0    20     1    25
 -1.3667020196320074E+00 a       501     0    21     1     1
 -1.1474369423110744E+00 a       502     0    21     1     2
  1.4987096296582070E+00 a       503     0    21     1     3
 -2.3792182269838480E+00 a       504     0    21     1     4
 -4.8855073117956449E+00 a       505     0    21     1     5
 -1.0067011940512682E+00 a       506     0    21     1     6
 -3.4704663503616566E+00 a       507     0    21     1     7
 -1.5924006140002074E+00 a       508     0    21     1     8
 -9.1678735563997886E+00 a       509     0    21     1     9
  2.6880265325668469E+00 a       510     0    21     1    10
 -1.9160794521790432E+00 a       511     0    21     1    11
 -1.5293227923982811E+00 a       512     0    21     1    12
  5.1001441459875252E-01 a       513     0    21     1    13
  4.0550313783201997E+00 a       514     0    21     1    14
 -1.0858258472806176E+01 a       515     0    21     1    15
  1.4303105424560547E+00 a       516     0    21     1    16
  4.7261076958911659E+00 a       517     0    21     1    17
  9.1232912131169663E-01 a       518     0    21     1    18
  1.0012029112543042E+00 a       519     0    21     1    19
 -1.7075865942055886E+00 a       520     0    21     1    20
 -3.3031072933660433E+00 a       521     0    21     1    21
  4.2217879381294674E+00 a       522     0    21     1    22
 -2.8662818130259327E+00 a       523     0    21     1    23
  7.7044569949839934E+00 a       524     0    21     1    24
  1.6320932104974679E+00 a       525     0    21     1    25
  3.9552909375409090E-01 a       526     0    22     1     1
  2.3569902930827502E-01 a       527     0    22     1     2
  1.2495233986676078E+00 a       528     0    22     1     3
  9.8195923173692490E-01 a       529     0    22     1     4
 -1.9805161223153809E+00 a       530     0    22     1     5
 -9.0003003819102501E-01 a       531     0    22     1     6
 -8.6864692236858165E-01 a       532     0    22     1     7
 -6.7937676690324245E-02 a       533     0    22     1     8
  3.2355590512271332E-01 a       534     0    22     1     9
 -1.1591476272897905E+00 a       535     0    22     1    10
 -8.3994462517741919E-01 a       536     0    22     1    11
  5.1374333076565193E-01 a       537     0    22     1    12
  9.4797150862928092E-01 a       538     0    22     1    13
 -2.6095734113823849E-01 a       539     0    22     1    14
  7.3677705805968474E-01 a       540     0    22     1    15
 -3.5271257597184158E-01 a       541     0    22     1    16
 -3.0101873673037907E+00 a       542     0    22     1    17
 -9.0895803531940533E-01 a       543     0    22     1    18
  1.4473813041324344E+00 a       544     0    22     1    19
 -7.8133103101359880E-01 a       545     0    22     1    20
 -1.6687144877309479E+00 a       546     0    22     1    21
  3.1924904620954830E+00 a       547     0    22     1    22
 -2.7169018153343840E+00 a       548     0    22     1    23
  3.3470270778952464E+00 a       549     0    22     1    24
 -1.1223062296782331E+00 a       550     0    22     1    25
  2.7359436298949933E+00 a       551     0    23     1     1
  1.3830102874339143E+00 a       552     0    23     1     2
 -1.8596362771865191E+00 a       553     0    23     1     3
  1.7758187420603579E+00 a       554     0    23     1     4
  5.3970091178374568E+00 a       555     0    23     1     5
  8.6549794983401507E-01 a       556     0    23     1     6
  4.8747081851122553E+00 a       557     0    23     1     7
  2.8018623275436871E+00 a       558     0    23     1     8
  8.8940337764258572E+00 a       559     0    23     1     9
 -2.3101683264779784E+00 a       560     0    23     1    10
  8.5183375737756184E-01 a       561     0    23     1    11
  5.0073666571205528E+00 a       562     0    23     1    12
 -4.7560761122678791E-01 a       563     0    23     1    13
 -4.1812250927093837E+00 a       564     0    23     1    14
  1.0399422709045949E+01 a       565     0    23     1    15
 -1.0598154218240958E+00 a       566     0    23     1    16
 -4.0070665166867343E+00 a       567     0    23     1    17
 -1.4599805912554412E-01 a       568     0    23     1    18
  2.4312403061172119E+00 a       569     0    23     1    19
  2.9251062299556003E+00 a       570     0    23     1    20
  1.1454887068258846E+00 a       571     0    23     1    21
 -5.9695750539368042E+00 a       572     0    23     1    22
  5.1591362234686731E+00 a       573     0    23     1    23
 -7.5598496274509417E+00 a       574     0    23     1    24
 -1.6197191125201664E+00 a       575     0    23     1    25
 -4.5904939321286226E-01 a       576     0    24     1     1
  1.0332793535461147E+00 a       577     0    24     1     2
 -1.7039101288714127E+00 a       578     0    24     1     3
 -2.8513460640162863E-01 a       579     0    24     1     4
  3.7370361033923183E-01 a       580     0    24     1     5
 -7.9151695999825478E-01 a       581     0    24     1     6
 -1.5860082290615289E+00 a       582     0    24     1     7
 -8.3057173679361196E-01 a       583     0    24     1     8
  6.0076023103883858E-01 a       584     0    24     1     9
  2.8999660146214179E+00 a       585     0    24     1    10
  2.1286334218013539E-01 a       586     0    24     1    11
  2.8866625761162248E+00 a       587     0    24     1    12
  1.5097096384217361E+00 a       588     0    24     1    13
  2.7737434282056586E+00 a       589     0    24     1    14
 -1.1378811851544846E+00 a       590     0    24     1    15
  2.1823320700009888E-01 a       591     0    24     1    16
  1.4834570045381562E-01 a       592     0    24     1    17
  2.3116787733824911E+00 a       593     0    24     1    18
  1.5488534759120154E+00 a       594     0    24     1    19
  1.4845020985170450E+00 a       595     0    24     1    20
 -1.3030730624358104E+00 a       596     0    24     1    21
 -1.4987586673115856E+00 a       597     0    24     1    22
  9.7152572833614381E-01 a       598     0    24     1    23
 -2.6416960570752401E-01 a       599     0    24     1    24
 -2.9454089422751145E-01 a       600     0    24     1    25
 -2.3024449200165092E-01 a       601     0    25     1     1
 -2.3992490967976008E+00 a       602     0    25     1     2
  2.5599771533253572E+00 a       603     0    25     1     3
  7.5721053557142293E-01 a       604     0    25     1     4
 -7.0180237921873367E-01 a       605     0    25     1     5
  1.4062421108037446E+00 a       606     0    25     1     6
  2.4899803762346551E+00 a       607     0    25     1     7
  7.7829280643573640E-01 a       608     0    25     1     8
 -1.1160883435401994E+00 a       609     0    25     1     9
 -5.1934851315039108E+00 a       610     0    25     1    10
 -1.2498237386337467E-01 a       611     0    25     1    11
 -5.5454595714431383E+00 a       612     0    25     1    12
 -2.5557417118314416E+00 a       613     0    25     1    13
 -5.3039025306934020E+00 a       614     0    25     1    14
  1.3625713197467104E+00 a       615     0    25     1    15
 -6.1981164810165335E-01 a       616     0    25     1    16
  5.4239534287650465E-02 a       617     0    25     1    17
 -3.0422213657212169E+00 a       618     0    25     1    18
 -2.8379124366727213E+00 a       619     0    25     1    19
 -2.5918608269792620E+00 a       620     0    25     1    20
  2.4867109034392105E+00 a       621     0    25     1    21
  2.6251526052900878E+00 a       622     0    25     1    22
 -2.0516730275714639E+00 a       623     0    25     1    23
  5.0367749755712143E-01 a       624     0    25     1    24
  9.8951653716384680E-01 a       625     0    25     1    25
  5.2070000236615188E-01 a       626     0    26     1     1
  1.3872263171736017E+00 a       627     0    26     1     2
 -9.5659554264563895E-01 a       628     0    26     1     3
 -3.5057598438931498E-01 a       629     0    26     1     4
  3.2174991863683289E-01 a       630     0    26     1     5
 -6.6820615187062871E-01 a       631     0    26     1     6
 -1.0043468631465087E+00 a       632     0    26     1     7
 -4.9262485019612286E-02 a       633     0    26     1     8
  5.3393927672124220E-01 a       634     0    26     1     9
  2.3745342915173722E+00 a       635     0    26     1    10
 -1.1346374089360629E-01 a       636     0    26     1    11
  2.6811739958956133E+00 a       637     0    26     1    12
  1.0728024138714680E+00 a       638     0    26     1    13
  2.5347721596207293E+00 a       639     0    26     1    14
 -3.5778039903251257E-01 a       640     0    26     1    15
  3.0885577841545259E-01 a       641     0    26     1    16
 -1.2037127576265383E-01 a       642     0    26     1    17
  9.5624685496845419E-01 a       643     0    26     1    18
  1.2876582233145488E+00 a       644     0    26     1    19
  1.0442443303761588E+00 a       645     0    26     1    20
 -1.1957915577324139E+00 a       646     0    26     1    21
 -1.2007801693090541E+00 a       647     0    26     1    22
  1.0578476950185929E+00 a       648     0    26     1    23
 -2.7769156303500669E-01 a       649     0    26     1    24
 -7.0445921867186800E-01 a       650     0    26     1    25
 -9.2596970088256556E-02 b       651     1     1
 -3.4406778097539427E-02 b       652     1     2
  1.0863764083106196E-01 b       653     1     3
  3.1572811767232278E-01 b       654     1     4
 -1.1324653148656832E-01 b       655     1     5
 -2.9047470286779770E-01 b       656     1     6
 -2.5298172390675777E-01 b       657     1     7
 -8.3145599260560726E-02 b       658     1     8
 -4.4904801114115898E-02 b       659     1     9
 -2.7022021134001384E-01 b       660     1    10
 -5.4078131881703614E-02 b       661     1    11
 -1.5462355510658115E-02 b       662     1    12
  4.4388212853960649E-02 b       663     1    13
  3.0872429233110893E-01 b       664     1    14
 -2.2722999192691956E-01 b       665     1    15
  1.6960176858280965E-01 b       666     1    16
 -4.1135788292500627E-02 b       667     1    17
  1.4524213665216973E-01 b       668     1    18
  3.2462898503017495E-01 b       669     1    19
 -1.6929834667028670E-01 b       670     1    20
  1.5670625918562370E-01 b       671     1    21
  4.8340137057820906E-02 b       672     1    22
 -1.1995957821544034E-01 b       673     1    23
  4.7634608336727094E-05 b       674     1    24
 -2.9910751329694735E-01 b       675     1    25
 -8.4127608556776490E-01 a       676     1     1     2     1
  1.0366694317648405E-01 a       677     1     1     2     2
 -8.3533778046965323E-02 a       678     1     1     2     3
  6.0810534631285038E-03 a       679     1     1     2     4
 -1.4802468510424996E-01 a       680     1     1     2     5
  1.7981731180996785E-01 a       681     1     1     2     6
 -1.6755464761047917E-01 a       682     1     1     2     7
 -1.1567066398386285E+00 a       683     1     1     2     8
  3.3451562803498280E-01 a       684     1     1     2     9
 -5.7379065780400924E-02 a       685     1     1     2    10
 -4.7082748519333750E-01 a       686     1     1     2    11
 -1.2503584501343076E-01 a       687     1     1     2    12
  1.9648011768582754E-03 a       688     1     1     2    13
  2.6277239244585754E-01 a       689     1     1     2    14
  4.6401424750884634E-01 a       690     1     1     2    15
  1.4345836162507869E-01 a       691     1     1     2    16
 -5.3032721610876898E-01 a       692     1     1     2    17
 -9.3750575980545592E-02 a       693     1     1     2    18
  1.1000542743853585E-01 a       694     1     1     2    19
  1.6607883050394023E-01 a       695     1     1     2    20
 -1.0770905788298617E+00 a       696     1     1     2    21
  1.4284147875273723E+00 a       697     1     1     2    22
 -2.3200150558871237E-02 a       698     1     1     2    23
 -5.6696727567425265E-01 a       699     1     1     2    24
 -4.0544398152321026E-01 a       700     1     1     2    25
  1.4560880227762107E-01 a       701     1     2     2     1
 -2.1382359814127058E-01 a       702     1     2     2     2
  6.3639507381929850E-01 a       703     1     2     2     3
 -1.6649960799756264E-01 a       704     1     2     2     4
 -1.3874127738691416E-01 a       705     1     2     2     5
 -2.9740409640885257E-01 a       706     1     2     2     6
  2.6552588622128465E-01 a       707     1     2     2     7
  2.9771093883684402E-01 a       708     1     2     2     8
 -2.6988057711986292E-02 a       709     1     2     2     9
 -8.8151903781531565E-02 a       710     1     2     2    10
 -3.4898294659460838E-01 a       711     1     2     2    11
 -3.2298865056845472E-01 a       712     1     2     2    12
 -5.5141715352868159E-01 a       713     1     2     2    13
  9.1161759907707685E-01 a       714     1     2     2    14
  1.7513739477541773E-01 a       715     1     2     2    15
  3.2959705425353714E-01 a       716     1     2     2    16
 -9.2591838552352923E-02 a       717     1     2     2    17
 -1.0585070999998268E-01 a       718     1     2     2    18
  2.6353600818777561E-02 a       719     1     2     2    19
  2.9886936263253622E-01 a       720     1     2     2    20
  1.7061346205754244E-01 a       721     1     2     2    21
  2.8862227555843700E-01 a       722     1     2     2    22
  4.0403050260323873E-03 a       723     1     2     2    23
  1.7262424237239787E-01 a       724     1     2     2    24
 -1.8164375144765230E-01 a       725     1     2     2    25
 -1.8605049158192930E-03 a       726     1     3     2     1
 -1.1329521374637901E-01 a       727     1     3     2     2
 -4.1779162421323868E-01 a       728     1     3     2     3
  3.3855540297576830E-01 a       729     1     3     2     4
 -5.9301728187635339E-01 a       730     1     3     2     5
  1.6582907911256831E-01 a       731     1     3     2     6
  3.6719794659750177E-01 a       732     1     3     2     7
  4.1418004868591080E-01 a       733     1     3     2     8
  6.7049213510016496E-03 a       734     1     3     2     9
 -6.4313182791450563E-01 a       735     1     3     2    10
  7.2741550984193729E-02 a       736     1     3     2    11
  2.2715499152907145E-01 a       737     1     3     2    12
 -5.6032888304198658E-01 a       738     1     3     2    13
  3.2136090105127552E-01 a       739     1     3     2    14
  2.2075018424883222E-01 a       740     1     3     2    15
 -2.6590855031400040E-01 a       741     1     3     2    16
 -2.2604124527489944E-01 a       742     1     3     2    17
  5.5958366515822688E-01 a       743     1     3     2    18
 -8.5566143125977670E-02 a       744     1     3     2    19
 -1.8906155374302153E-01 a       745     1     3     2    20
  1.1494383598579672E-01 a       746     1     3     2    21
  1.5887415803850302E-01 a       747     1     3     2    22
  1.4242676044430402E-01 a       748     1     3     2    23
 -5.8016366862778768E-01 a       749     1     3     2    24
  2.6788885244428284E-01 a       750     1     3     2    25
 -4.7741338350978640E-01 a       751     1     4     2     1
 -1.8543785543459004E-01 a       752     1     4     2     2
 -3.3904189174923588E-01 a       753     1     4     2     3
  2.8169722113921924E-01 a       754     1     4     2     4
  9.1899285921133125E-02 a       755     1     4     2     5
 -1.5096916483555850E-01 a       756     1     4     2     6
  2.4019678172362782E-01 a       757     1     4     2     7
  5.0022333551530895E-01 a       758     1     4     2     8
 -3.3588278249241049E-01 a       759     1     4     2     9
 -1.7363277278480529E-01 a       760     1     4     2    10
 -1.4574117175014525E-02 a       761     1     4     2    11
  4.8803549641424254E-01 a       762     1     4     2    12
 -3.3511516610630909E-01 a       763     1     4     2    13
 -9.0192365356261173E-01 a       764     1     4     2    14
  1.5768153846209970E-02 a       765     1     4     2    15
 -4.5326032297134555E-01 a       766     1     4     2    16
 -6.8958003323118366E-01 a       767     1     4     2    17
 -3.9717047340800327E-01 a       768     1     4     2    18
 -2.3050429520249885E-01 a       769     1     4     2    19
  9.9880310551127927E-01 a       770     1     4     2    20
 -1.5093249929864563E-01 a       771     1     4     2    21
 -5.3752446878844021E-02 a       772     1     4     2    22
 -4.0250504145952049E-01 a       773     1     4     2    23
 -2.1138165191691194E-01 a       774     1     4     2    24
  3.0148277814285201E-01 a       775     1     4     2    25
 -4.5761618019635401E-02 a       776     1     5     2     1
 -3.7541999421243455E-01 a       777     1     5     2     2
  2.3675622345189329E-01 a       778     1     5     2     3
 -2.0871260923608467E-01 a       779     1     5     2     4
  1.0605688055384531E-01 a       780     1     5     2     5
  1.9173433405055620E-01 a       781     1     5     2     6
 -9.6335825189814217E-01 a       782     1     5     2     7
 -5.2105227634670681E-01 a       783     1     5     2     8
 -2.3102015459500616E-03 a       784     1     5     2     9
 -8.7258278121268018E-02 a       785     1     5     2    10
  3.8901110831201474E-01 a       786     1     5     2    11
 -2.0311971389470654E-01 a       787     1     5     2    12
  4.7129898435741738E-02 a       788     1     5     2    13
  1.8733716489170507E-02 a       789     1     5     2    14
 -3.1455162585200741E-01 a       790     1     5     2    15
  4.7999690900420422E-01 a       791     1     5     2    16
 -6.8034906470918616E-02 a       792     1     5     2    17
 -2.6032339959716522E-01 a       793     1     5     2    18
 -2.1421299146268238E-01 a       794     1     5     2    19
 -4.2048801377155870E-01 a       795     1     5     2    20
 -4.6005538290246462E-01 a       796     1     5     2    21
  1.0334362116222306E-01 a       797     1     5     2    22
 -1.9725293236649022E-01 a       798     1     5     2    23
  2.4415709523578366E-01 a       799     1     5     2    24
  5.8693287469717789E-02 a       800     1     5     2    25
  3.6444552253056200E-01 a       801     1     6     2     1
 -7.0023085587098721E-01 a       802     1     6     2     2
 -2.8250393390451339E-01 a       803     1     6     2     3
  1.1334317210861233E-01 a       804     1     6     2     4
  2.3184453418322684E-01 a       805     1     6     2     5
  4.3131705041260093E-01 a       806     1     6     2     6
  2.8399757469023540E-01 a       807     1     6     2     7
  8.4438225029858505E-01 a       808     1     6     2     8
 -5.9700611431193318E-01 a       809     1     6     2     9
 -3.0951926306012606E-01 a       810     1     6     2    10
  8.8277079929935720E-02 a       811     1     6     2    11
  1.8908016752530027E-01 a       812     1     6     2    12
 -6.3054286876725163E-01 a       813     1     6     2    13
 -3.2600168354396136E-02 a       814     1     6     2    14
  8.5493784259818884E-01 a       815     1     6     2    15
 -6.3874070125690711E-03 a       816     1     6     2    16
 -6.8913830032860834E-02 a       817     1     6     2    17
 -1.5850036372714099E-01 a       818     1     6     2    18
  3.0749835647165580E-01 a       819     1     6     2    19
  7.1174820319750753E-02 a       820     1     6     2    20
  2.0920342144255369E-01 a       821     1     6     2    21
  5.9215834549047330E-01 a       822     1     6     2    22
 -2.1482766387649052E-02 a       823     1     6     2    23
 -6.6657330854829988E-01 a       824     1     6     2    24
  7.0212535283805111E-01 a       825     1     6     2    25
 -1.2162007682540013E-01 a       826     1     7     2     1
  6.5197550165506934E-02 a       827     1     7     2     2
  1.1474436229211889E-01 a       828     1     7     2     3
 -2.2205954216332277E-01 a       829     1     7     2     4
  4.7084108476709526E-02 a       830     1     7     2     5
  2.4083368940244376E-01 a       831     1     7     2     6
  1.7525511008408465E-01 a       832     1     7     2     7
  2.1590558052613312E-01 a       833     1     7     2     8
  6.4252659967813364E-01 a       834     1     7     2     9
  1.1006871378573480E-01 a       835     1     7     2    10
 -2.0396457428729584E-01 a       836     1     7     2    11
 -7.9045122840374307E-02 a       837     1     7     2    12
  9.0852282359236911E-02 a       838     1     7     2    13
  6.8735895032520955E-01 a       839     1     7     2    14
 -1.6483852644160787E-01 a       840     1     7     2    15
 -3.1860262296376296E-01 a       841     1     7     2    16
  5.7777810725772627E-01 a       842     1     7     2    17
  1.4039694621544271E-01 a       843     1     7     2    18
 -1.7131622592586898E-01 a       844     1     7     2    19
 -5.8854562079528794E-01 a       845     1     7     2    20
  3.4028933240687419E-02 a       846     1     7     2    21
  8.4890718424781256E-02 a       847     1     7     2    22
 -6.2672410708239645E-02 a       848     1     7     2    23
 -1.2050458614465259E-01 a       849     1     7     2    24
 -3.2664528092379597E-01 a       850     1     7     2    25
  7.8177174870443811E-01 a       851     1     8     2     1
 -4.0527467299928532E-01 a       852     1     8     2     2
 -1.7971439892777885E-01 a       853     1     8     2     3
  2.0866887553054758E-01 a       854     1     8     2     4
  1.6283831003199722E-01 a       855     1     8     2     5
  2.4463142102061949E-01 a       856     1     8     2     6
  5.9211612996549978E-02 a       857     1     8     2     7
 -5.2162070617130418E-01 a       858     1     8     2     8
  8.0259577526462023E-01 a       859     1     8     2     9
  1.5142528190375074E-01 a       860     1     8     2    10
  1.8691538129494223E-01 a       861     1     8     2    11
  1.9118675338352106E-01 a       862     1     8     2    12
 -5.0601208467643088E-01 a       863     1     8     2    13
  1.0116710283310024E-02 a       864     1     8     2    14
 -1.2832519145927221E+00 a       865     1     8     2    15
  3.3129030058595615E-01 a       866     1     8     2    16
  2.9536884503809135E-01 a       867     1     8     2    17
 -9.3587699035973707E-02 a       868     1     8     2    18
 -7.7373203916721329E-03 a       869     1     8     2    19
  3.5675962089134350E-01 a       870     1     8     2    20
  5.1633572811263750E-01 a       871     1     8     2    21
 -4.0397527397899785E-01 a       872     1     8     2    22
 -1.8996769999405091E-01 a       873     1     8     2    23
  9.3559755179345039E-01 a       874     1     8     2    24
  1.8985247252060997E-01 a       875     1     8     2    25
 -3.0841342027397112E-01 a       876     1     9     2     1
 -6.0286968026461774E-01 a       877     1     9     2     2
  1.7342205602688268E-01 a       878     1     9     2     3
  1.2529853606113425E-01 a       879     1     9     2     4
  8.3725700082191035E-01 a       880     1     9     2     5
 -2.2324815290015299E-01 a       881     1     9     2     6
  6.7661262470676664E-01 a       882     1     9     2     7
  4.1419246036034441E-01 a       883     1     9     2     8
  1.8239518746610790E-02 a       884     1     9     2     9
  2.0931174645651354E-01 a       885     1     9     2    10
 -1.7047887378132834E-01 a       886     1     9     2    11
 -8.0648387967928517E-02 a       887     1     9     2    12
 -3.4442302444126049E-01 a       888     1     9     2    13
 -2.5925301088145181E-01 a       889     1     9     2    14
 -4.3760344063443957E-01 a       890     1     9     2    15
 -1.1330473613033520E-01 a       891     1     9     2    16
  1.2011586845995992E-01 a       892     1     9     2    17
  1.4885131658948880E-01 a       893     1     9     2    18
 -2.4020543759340035E-01 a       894     1     9     2    19
  1.5000671961174225E-01 a       895     1     9     2    20
  9.7124797743748367E-02 a       896     1     9     2    21
  1.0705268423431789E+00 a       897     1     9     2    22
 -5.3113802888421469E-01 a       898     1     9     2    23
  5.1196698808787278E-01 a       899     1     9     2    24
  4.0168790539165733E-01 a       900     1     9     2    25
 -3.5178718392270253E-01 a       901     1    10     2     1
  4.4679850493500300E-01 a       902     1    10     2     2
 -1.3560055602422369E-01 a       903     1    10     2     3
 -1.6160996471835817E-02 a       904     1    10     2     4
  2.5821337525875166E-02 a       905     1    10     2     5
 -1.6671806577620293E-01 a       906     1    10     2     6
  5.3820463820281206E-01 a       907     1    10     2     7
  5.9010757016572823E-01 a       908     1    10     2     8
 -2.8035368969730556E-01 a       909     1    10     2     9
  1.5271688880085746E-01 a       910     1    10     2    10
  1.0125758696522254E-01 a       911     1    10     2    11
 -1.6355068817733925E-01 a       912     1    10     2    12
  3.5911610337873545E-02 a       913     1    10     2    13
 -4.8932882605648947E-01 a       914     1    10     2    14
  1.0272582851889620E-02 a       915     1    10     2    15
 -2.1974860511972039E-01 a       916     1    10     2    16
 -8.8567414930014715E-02 a       917     1    10     2    17
  4.5417541756602883E-02 a       918     1    10     2    18
  2.6829310375642212E-01 a       919     1    10     2    19
  1.0120332162202268E+00 a       920     1    10     2    20
  4.9042561851438965E-01 a       921     1    10     2    21
  9.9847965947801498E-01 a       922     1    10     2    22
 -9.8843439518892379E-02 a       923     1    10     2    23
 -5.8620712214424997E-01 a       924     1    10     2    24
 -5.8351217369614017E-01 a       925     1    10     2    25
 -3.3311617832538477E-02 a       926     1    11     2     1
 -1.1955092821035841E-01 a       927     1    11     2     2
 -7.1664598747539954E-01 a       928     1    11     2     3
 -1.2438166861961239E-01 a       929     1    11     2     4
 -2.8832097023313302E-01 a       930     1    11     2     5
  1.5550562048065300E-01 a       931     1    11     2     6
  8.0729488733013910E-01 a       932     1    11     2     7
  1.5167493209430327E-01 a       933     1    11     2     8
  1.2692691821282328E-02 a       934     1    11     2     9
 -3.2264224140987563E-02 a       935     1    11     2    10
 -1.6064520198213356E-01 a       936     1    11     2    11
  2.4862603375964404E-01 a       937     1    11     2    12
 -1.3167471912947964E-01 a       938     1    11     2    13
  7.2929029791493427E-01 a       939     1    11     2    14
  4.0911158550151916E-01 a       940     1    11     2    15
  3.0760170552567499E-02 a       941     1    11     2    16
 -5.4767957757401853E-01 a       942     1    11     2    17
  7.0674780783414359E-01 a       943     1    11     2    18
 -2.5542309989862594E-01 a       944     1    11     2    19
 -1.8437203852726607E-02 a       945     1    11     2    20
  1.0285077081866001E-01 a       946     1    11     2    21
 -1.0624483368431120E-01 a       947     1    11     2    22
 -3.3972564177042738E-02 a       948     1    11     2    23
 -9.7833854966573397E-01 a       949     1    11     2    24
  2.6029156996394926E-02 a       950     1    11     2    25
  5.0209678467628815E-01 a       951     1    12     2     1
 -3.2050839432220882E-02 a       952     1    12     2     2
 -7.5109859958008640E-01 a       953     1    12     2     3
  1.3234138698441106E-01 a       954     1    12     2     4
 -3.6368934871003608E-02 a       955     1    12     2     5
  4.9667895223557529E-01 a       956     1    12     2     6
  6.4555743124556655E-02 a       957     1    12     2     7
  9.5226291485258074E-01 a       958     1    12     2     8
 -1.3276510194134772E-01 a       959     1    12     2     9
  4.3672638056048185E-01 a       960     1    12     2    10
  2.3899266402463573E-01 a       961     1    12     2    11
  9.4530736684318467E-02 a       962     1    12     2    12
 -1.2693449598955822E+00 a       963     1    12     2    13
  1.4812440302282745E-01 a       964     1    12     2    14
  6.1481747662651243E-01 a       965     1    12     2    15
 -4.4915570695613395E-02 a       966     1    12     2    16
 -3.3083048737502230E-01 a       967     1    12     2    17
 -6.3842495118263598E-01 a       968     1    12     2    18
  6.5038067436459768E-01 a       969     1    12     2    19
  1.2411643069571470E+00 a       970     1    12     2    20
  5.1933453827845831E-02 a       971     1    12     2    21
  1.6451930254778773E+00 a       972     1    12     2    22
 -4.5103071802451256E-01 a       973     1    12     2    23
  9.4540800082566795E-02 a       974     1    12     2    24
  6.8650780958651930E-02 a       975     1    12     2    25
  5.0078785279541771E-01 a       976     1    13     2     1
  2.2512591134273899E-01 a       977     1    13     2     2
  4.8594429828746094E-02 a       978     1    13     2     3
  2.7332056001282756E-01 a       979     1    13     2     4
 -2.6221929981401121E-01 a       980     1    13     2     5
 -5.4144224024053132E-02 a       981     1    13     2     6
 -9.0726344319468966E-02 a       982     1    13     2     7
  4.4719693387128601E-01 a       983     1    13     2     8
 -6.1619391646722566E-01 a       984     1    13     2     9
 -1.7084621652636192E-01 a       985     1    13     2    10
 -1.4540164732618724E-02 a       986     1    13     2    11
  9.9041409667231836E-02 a       987     1    13     2    12
 -5.4319703756223847E-01 a       988     1    13     2    13
 -7.8220881529380692E-01 a       989     1    13     2    14
 -5.9151870044605703E-02 a       990     1    13     2    15
  3.2194298048111164E-01 a       991     1    13     2    16
 -2.9132318188460082E-02 a       992     1    13     2    17
 -2.9771112448598291E-01 a       993     1    13     2    18
  1.9996902389487414E-01 a       994     1    13     2    19
  2.2566140834255066E-01 a       995     1    13     2    20
 -1.9719349459314023E-01 a       996     1    13     2    21
 -3.8229211760319498E-01 a       997     1    13     2    22
 -3.9919162682255727E-01 a       998     1    13     2    23
 -4.6111280474816813E-01 a       999     1    13     2    24
  1.3990540577655758E-01 a      1000     1    13     2    25
  5.3846344700208659E-01 a      1001     1    14     2     1
  1.2981704595818030E-01 a      1002     1    14     2     2
  1.7354226868527964E-01 a      1003     1    14     2     3
 -3.1920639768744913E-01 a      1004     1    14     2     4
 -4.1839874521415515E-01 a      1005     1    14     2     5
 -4.5664796369337651E-01 a      1006     1    14     2     6
 -4.9430567218596599E-01 a      1007     1    14     2     7
  4.8857188315472377E-01 a      1008     1    14     2     8
  2.8876740806608504E-02 a      1009     1    14     2     9
 -2.1507976923231953E-01 a      1010     1    14     2    10
  9.0005693450023239E-02 a      1011     1    14     2    11
 -2.1267050343054389E-01 a      1012     1    14     2    12
  2.0886403076125640E-01 a      1013     1    14     2    13
 -1.1800204584164271E-01 a      1014     1    14     2    14
 -3.5682246902945658E-01 a      1015     1    14     2    15
  8.1771968182791821E-01 a      1016     1    14     2    16
  6.3109876476161442E-01 a      1017     1    14     2    17
 -1.4480756101529180E-01 a      1018     1    14     2    18
 -1.1948391769585860E-01 a      1019     1    14     2    19
 -6.6958537889933201E-01 a      1020     1    14     2    20
  4.4536077104197713E-01 a      1021     1    14     2    21
 -1.6215970133249469E+00 a      1022     1    14     2    22
  1.8522089066164157E-01 a      1023     1    14     2    23
  3.5667668738201341E-01 a      1024     1    14     2    24
 -2.5496919719695277E-01 a      1025     1    14     2    25
 -9.7291914656573858E-03 a      1026     1    15     2     1
 -7.2631652990777429E-01 a      1027     1    15     2     2
  1.0513899971778875E+00 a      1028     1    15     2     3
  4.4515169013967976E-01 a      1029     1    15     2     4
  7.3209263207955799E-01 a      1030     1    15     2     5
 -1.7667957228103454E-01 a      1031     1    15     2     6
  3.0214318834255854E-01 a      1032     1    15     2     7
  4.5256204983272330E-01 a      1033     1    15     2     8
 -8.5665654799970917E-02 a      1034     1    15     2     9
  6.0094221206247134E-01 a      1035     1    15     2    10
  5.6694985017276905E-02 a      1036     1    15     2    11
 -1.5467377554472128E-01 a      1037     1    15     2    12
 -5.8368269896144957E-02 a      1038     1    15     2    13
 -4.4536169724706431E-01 a      1039     1    15     2    14
 -4.0120684145510527E-01 a      1040     1    15     2    15
 -8.6715716117455921E-01 a      1041     1    15     2    16
 -3.2948517149540507E-01 a      1042     1    15     2    17
  6.9543398500119835E-01 a      1043     1    15     2    18
 -2.7651652958354123E-01 a      1044     1    15     2    19
 -6.2776411503648699E-01 a      1045     1    15     2    20
  4.0219110485481208E-01 a      1046     1    15     2    21
 -2.8360843793095464E-01 a      1047     1    15     2    22
  4.8865731421940180E-02 a      1048     1    15     2    23
  4.8719573862918114E-01 a      1049     1    15     2    24
  1.3105430254368164E+00 a      1050     1    15     2    25
  1.7318305175701759E-01 a      1051     1    16     2     1
 -1.6477604935367413E-01 a      1052     1    16     2     2
  3.3979500127811879E-01 a      1053     1    16     2     3
 -2.8267460232441161E-01 a      1054     1    16     2     4
 -1.1616479338423720E-01 a      1055     1    16     2     5
 -3.1507420030086353E-01 a      1056     1    16     2     6
  3.3366310693740270E-01 a      1057     1    16     2     7
  2.9937596398474381E-01 a      1058     1    16     2     8
  4.5917520177935650E-01 a      1059     1    16     2     9
 -1.0282781801429333E-01 a      1060     1    16     2    10
  2.0732999061133531E-02 a      1061     1    16     2    11
 -2.1748335402512603E-01 a      1062     1    16     2    12
  3.2075273414703781E-01 a      1063     1    16     2    13
  6.0081605175933805E-01 a      1064     1    16     2    14
 -6.9595770679808255E-01 a      1065     1    16     2    15
  3.2324345726050407E-01 a      1066     1    16     2    16
  1.2071181839976554E-01 a      1067     1    16     2    17
  3.7320454822279114E-01 a      1068     1    16     2    18
 -5.6782116015993844E-01 a      1069     1    16     2    19
  1.9628311693988279E-01 a      1070     1    16     2    20
  7.2806872569282721E-01 a      1071     1    16     2    21
 -3.9274215231359494E-01 a      1072     1    16     2    22
  1.8199642360570076E-01 a      1073     1    16     2    23
  1.7982736984957731E-01 a      1074     1    16     2    24
 -1.5472432036134259E-01 a      1075     1    16     2    25
 -4.1135328636586692E-02 a      1076     1    17     2     1
  1.4503342587074969E-01 a      1077     1    17     2     2
  1.6981593415545221E-01 a      1078     1    17     2     3
 -4.5461342523642090E-02 a      1079     1    17     2     4
 -4.5811157418020232E-01 a      1080     1    17     2     5
 -4.5669973155756083E-01 a      1081     1    17     2     6
  6.1283263721350600E-01 a      1082     1    17     2     7
  2.4930014397030895E-01 a      1083     1    17     2     8
 -7.4115825010494940E-01 a      1084     1    17     2     9
 -1.9687620510803680E-01 a      1085     1    17     2    10
  2.0076931891071520E-01 a      1086     1    17     2    11
 -1.5815034398542546E-01 a      1087     1    17     2    12
  4.6865496701115067E-01 a      1088     1    17     2    13
  2.5081173588332967E-01 a      1089     1    17     2    14
  1.7020509121306607E-01 a      1090     1    17     2    15
 -2.4309004477169205E-01 a      1091     1    17     2    16
  4.9859098142555386E-01 a      1092     1    17     2    17
  3.6281238571482305E-01 a      1093     1    17     2    18
  3.3699248585561054E-01 a      1094     1    17     2    19
  4.9455025212402148E-01 a      1095     1    17     2    20
  1.6047243148124501E-01 a      1096     1    17     2    21
 -6.8509368346524407E-02 a      1097     1    17     2    22
 -7.4694270536175902E-02 a      1098     1    17     2    23
 -4.3968600636200827E-01 a      1099     1    17     2    24
 -2.3553420559281663E-01 a      1100     1    17     2    25
 -1.7709023671145414E-02 a      1101     1    18     2     1
  2.3290014706010204E-01 a      1102     1    18     2     2
 -5.8749409995732127E-01 a      1103     1    18     2     3
  6.0698671757661998E-02 a      1104     1    18     2     4
 -3.7849979718997367E-01 a      1105     1    18     2     5
  2.6075935369827302E-01 a      1106     1    18     2     6
  2.8796291628852295E-02 a      1107     1    18     2     7
 -7.1920689246970004E-01 a      1108     1    18     2     8
  7.2036870500255756E-02 a      1109     1    18     2     9
 -3.3797532722549767E-01 a      1110     1    18     2    10
 -6.4754965120782859E-01 a      1111     1    18     2    11
  2.7083504741704567E-02 a      1112     1    18     2    12
 -6.0202495597623196E-01 a      1113     1    18     2    13
  2.2643932161147892E-01 a      1114     1    18     2    14
  6.1235430719577466E-01 a      1115     1    18     2    15
  3.3861086110122468E-01 a      1116     1    18     2    16
 -2.3136195049328068E-01 a      1117     1    18     2    17
 -8.6666355923838412E-01 a      1118     1    18     2    18
  3.8523671632993273E-01 a      1119     1    18     2    19
  1.0203176588129230E+00 a      1120     1    18     2    20
 -6.5051696672028503E-01 a      1121     1    18     2    21
  2.1517096272848106E+00 a      1122     1    18     2    22
  7.8540900510728748E-02 a      1123     1    18     2    23
 -8.7317371570236502E-01 a      1124     1    18     2    24
 -5.8129139454027456E-01 a      1125     1    18     2    25
  3.3583354618051248E-01 a      1126     1    19     2     1
 -2.3285031839769793E-01 a      1127     1    19     2     2
 -2.0940261499034853E-02 a      1128     1    19     2     3
 -1.9889190576345353E-01 a      1129     1    19     2     4
 -4.3086489450276622E-01 a      1130     1    19     2     5
 -4.1159113300805900E-01 a      1131     1    19     2     6
  5.5845218843348265E-01 a      1132     1    19     2     7
  4.8680599520083129E-01 a      1133     1    19     2     8
 -1.9256435244842399E-01 a      1134     1    19     2     9
  1.9731294730521867E-01 a      1135     1    19     2    10
 -2.3517617313097530E-01 a      1136     1    19     2    11
  2.9417770800997245E-01 a      1137     1    19     2    12
 -2.5915135899719033E-01 a      1138     1    19     2    13
  1.2663096608643887E-01 a      1139     1    19     2    14
  3.7228794544789223E-01 a      1140     1    19     2    15
  5.0398275507356993E-01 a      1141     1    19     2    16
  3.8240481613482834E-02 a      1142     1    19     2    17
 -4.4533510347529770E-01 a      1143     1    19     2    18
  2.0272033163884376E-01 a      1144     1    19     2    19
 -2.4085607561900590E-02 a      1145     1    19     2    20
 -1.2675185780702566E-01 a      1146     1    19     2    21
  1.0527304633026870E+00 a      1147     1    19     2    22
 -1.4646978935665418E-02 a      1148     1    19     2    23
  5.0851975395102433E-01 a      1149     1    19     2    24
 -3.3173504218482480E-01 a      1150     1    19     2    25
  7.3313678486070871E-02 a      1151     1    20     2     1
 -2.2937147353371645E-01 a      1152     1    20     2     2
  5.4516755892641466E-03 a      1153     1    20     2     3
  1.7309464286347695E-01 a      1154     1    20     2     4
 -4.8001208241383087E-01 a      1155     1    20     2     5
 -1.8269190828337151E-01 a      1156     1    20     2     6
 -6.6925258125931308E-02 a      1157     1    20     2     7
  9.1141446556236727E-01 a      1158     1    20     2     8
 -3.1250458651536167E-01 a      1159     1    20     2     9
  6.4550849179498868E-02 a      1160     1    20     2    10
  1.3512435093374311E-01 a      1161     1    20     2    11
 -1.7953769809666079E-01 a      1162     1    20     2    12
 -5.1430165574675546E-01 a      1163     1    20     2    13
 -8.5141266457889886E-01 a      1164     1    20     2    14
  3.4557131071351499E-01 a      1165     1    20     2    15
  1.4588253897422557E-01 a      1166     1    20     2    16
 -6.8423390885038538E-01 a      1167     1    20     2    17
 -5.2678645128781998E-01 a      1168     1    20     2    18
 -2.7450506312971645E-02 a      1169     1    20     2    19
  1.1101043320261343E+00 a      1170     1    20     2    20
  5.0507157191456903E-02 a      1171     1    20     2    21
 -1.6031736721354059E-01 a      1172     1    20     2    22
 -4.1724709799316945E-01 a      1173     1    20     2    23
 -1.0045248041517099E-01 a      1174     1    20     2    24
  7.7088825922993987E-01 a      1175     1    20     2    25
 -2.4115017326419166E-01 a      1176     1    21     2     1
 -3.2653714620418017E-01 a      1177     1    21     2     2
  3.3903206204112141E-01 a      1178     1    21     2     3
  7.9034749674531765E-02 a      1179     1    21     2     4
  1.8403222805684538E-01 a      1180     1    21     2     5
 -1.1605543171891247E-01 a      1181     1    21     2     6
  5.7339510426127316E-01 a      1182     1    21     2     7
  8.8758073562917672E-01 a      1183     1    21     2     8
  2.0239462856142471E-01 a      1184     1    21     2     9
  4.7216804466996104E-01 a      1185     1    21     2    10
  1.2219897144936216E-01 a      1186     1    21     2    11
  4.6979488649010949E-02 a      1187     1    21     2    12
 -1.9249439519599253E-02 a      1188     1    21     2    13
 -6.7331738493893711E-01 a      1189     1    21     2    14
 -3.3541948931391929E-01 a      1190     1    21     2    15
 -5.1841634847967477E-01 a      1191     1    21     2    16
 -3.8506040249489087E-01 a      1192     1    21     2    17
  5.1837938609896252E-02 a      1193     1    21     2    18
  4.4736812909057691E-02 a      1194     1    21     2    19
 -8.4425600176130322E-01 a      1195     1    21     2    20
  2.2966932191361436E-01 a      1196     1    21     2    21
 -7.2260999084028710E-01 a      1197     1    21     2    22
  1.7354069030348665E-01 a      1198     1    21     2    23
  2.6334374579892422E-01 a      1199     1    21     2    24
  6.2087306592257574E-01 a      1200     1    21     2    25
 -3.9920383873702997E-01 a      1201     1    22     2     1
  5.3936494380086930E-01 a      1202     1    22     2     2
 -7.7092431224633984E-01 a      1203     1    22     2     3
 -1.6358314181869016E-01 a      1204     1    22     2     4
  2.7837679088188771E-01 a      1205     1    22     2     5
  4.9676943748488529E-02 a      1206     1    22     2     6
 -6.7996152396927456E-01 a      1207     1    22     2     7
  1.7530466270469894E-01 a      1208     1    22     2     8
 -5.1073543850488057E-01 a      1209     1    22     2     9
 -2.8580064751750411E-01 a      1210     1    22     2    10
  4.8116110124755163E-01 a      1211     1    22     2    11
  3.0922598663505230E-01 a      1212     1    22     2    12
  4.1433868091771131E-01 a      1213     1    22     2    13
 -8.6923255911800734E-01 a      1214     1    22     2    14
  2.7651007656385568E-01 a      1215     1    22     2    15
 -5.4745854179965781E-01 a      1216     1    22     2    16
  2.9419918688021851E-01 a      1217     1    22     2    17
  3.6125965610909017E-01 a      1218     1    22     2    18
 -3.0683566851448835E-01 a      1219     1    22     2    19
  1.5041597971369727E-01 a      1220     1    22     2    20
  2.5795188427741517E-01 a      1221     1    22     2    21
 -2.6177410128549750E-01 a      1222     1    22     2    22
 -2.9077289560603452E-02 a      1223     1    22     2    23
 -5.9717140394225976E-01 a      1224     1    22     2    24
 -1.4886387704878673E-01 a      1225     1    22     2    25
  5.1276324704139675E-01 a      1226     1    23     2     1
 -4.4684956407719673E-01 a      1227     1    23     2     2
 -5.6653396572303194E-01 a      1228     1    23     2     3
 -3.1356841830378943E-02 a      1229     1    23     2     4
 -6.6591980643550291E-02 a      1230     1    23     2     5
 -2.9096034452669961E-01 a      1231     1    23     2     6
 -4.0972235308667881E-01 a      1232     1    23     2     7
 -1.2385138415106073E-01 a      1233     1    23     2     8
 -2.8886775838503687E-01 a      1234     1    23     2     9
 -4.1014341932132015E-01 a      1235     1    23     2    10
 -8.4890187051320978E-03 a      1236     1    23     2    11
 -7.0771638973597548E-02 a      1237     1    23     2    12
 -3.7261119034448853E-01 a      1238     1    23     2    13
  1.2895904279529911E+00 a      1239     1    23     2    14
  3.1716725340367158E-01 a      1240     1    23     2    15
  5.7793461959013404E-01 a      1241     1    23     2    16
 -3.0498237334842998E-01 a      1242     1    23     2    17
 -9.3079373059794551E-02 a      1243     1    23     2    18
 -1.7194293073514186E-01 a      1244     1    23     2    19
 -2.0852476784513682E-01 a      1245     1    23     2    20
 -2.4726155438133166E-01 a      1246     1    23     2    21
  1.7125085699593738E+00 a      1247     1    23     2    22
 -1.9370100102948332E-01 a      1248     1    23     2    23
  1.2669736215201585E-01 a      1249     1    23     2    24
  1.3018024219759711E-01 a      1250     1    23     2    25
  5.7426703261208878E-01 a      1251     1    24     2     1
  6.7285067984595315E-01 a      1252     1    24     2     2
 -5.9838393562865988E-01 a      1253     1    24     2     3
  1.6408901233786802E-01 a      1254     1    24     2     4
 -6.1476369282630594E-01 a      1255     1    24     2     5
  2.2673337404605093E-01 a      1256     1    24     2     6
 -4.7943308229551801E-01 a      1257     1    24     2     7
 -1.3602260319816267E-01 a      1258     1    24     2     8
  3.4857236892934323E-01 a      1259     1    24     2     9
  4.3466970429033347E-01 a      1260     1    24     2    10
 -1.8994018423755685E-02 a      1261     1    24     2    11
  1.5706059054513721E-01 a      1262     1    24     2    12
 -1.1345174199681750E-01 a      1263     1    24     2    13
  1.9894139110040252E+00 a      1264     1    24     2    14
 -7.6131412859132974E-01 a      1265     1    24     2    15
  3.8226665901512713E-01 a      1266     1    24     2    16
  6.2575784934936185E-01 a      1267     1    24     2    17
 -5.7805524558275340E-02 a      1268     1    24     2    18
 -3.7670964410353225E-02 a      1269     1    24     2    19
  1.8994348848426354E-01 a      1270     1    24     2    20
  1.6422714391160256E-01 a      1271     1    24     2    21
  1.0749792640703770E+00 a      1272     1    24     2    22
  1.8061320488143359E-01 a      1273     1    24     2    23
  5.2652597739229179E-01 a      1274     1    24     2    24
 -6.2666398326725803E-01 a      1275     1    24     2    25
 -1.3484114597512570E-01 a      1276     1    25     2     1
 -3.2470833158826706E-01 a      1277     1    25     2     2
  2.0016830166073682E-01 a      1278     1    25     2     3
  2.3695130941997986E-01 a      1279     1    25     2     4
 -3.6091170332197564E-01 a      1280     1    25     2     5
 -3.4292159211407408E-02 a      1281     1    25     2     6
  1.1041866697366334E+00 a      1282     1    25     2     7
 -5.5181224706772813E-01 a      1283     1    25     2     8
  2.9534053390033943E-01 a      1284     1    25     2     9
  4.9435381052692420E-02 a      1285     1    25     2    10
  1.0665968525469940E-01 a      1286     1    25     2    11
 -2.5481252053477604E-01 a      1287     1    25     2    12
 -1.8038062156795133E-02 a      1288     1    25     2    13
 -1.3328578668633681E-01 a      1289     1    25     2    14
  2.5068644821682778E-02 a      1290     1    25     2    15
  1.5605487822521294E-01 a      1291     1    25     2    16
  4.6427490867175673E-02 a      1292     1    25     2    17
 -1.8576146192677798E-01 a      1293     1    25     2    18
 -4.4828289607979722E-02 a      1294     1    25     2    19
 -5.6951304598295183E-01 a      1295     1    25     2    20
 -1.5875013412267827E-01 a      1296     1    25     2    21
  1.0994071451487804E+00 a      1297     1    25     2    22
 -2.0262681905415184E-01 a      1298     1    25     2    23
  1.8073217910845168E-01 a      1299     1    25     2    24
 -1.7780463998354662E-01 a      1300     1    25     2    25
  2.4294017763775693E-02 b      1301     2     1
  1.0518799831805566E-01 b      1302     2     2
  1.0679640578350263E-01 b      1303     2     3
  9.2661519016018745E-01 b      1304     2     4
  4.2566642649289782E-01 b      1305     2     5
 -4.9938076470369019E-01 b      1306     2     6
 -9.2130066527200960E-02 b      1307     2     7
 -3.9067486717623051E-01 b      1308     2     8
 -4.5505984598251736E-01 b      1309     2     9
  6.2892314033896313E-01 b      1310     2    10
  4.3517313971813976E-01 b      1311     2    11
  3.6949475811193128E-01 b      1312     2    12
  1.9153405281573477E-01 b      1313     2    13
  8.4727749322930618E-02 b      1314     2    14
  2.4709560772553013E-01 b      1315     2    15
  3.9870793714595086E-02 b      1316     2    16
  1.6929866200328211E-01 b      1317     2    17
  3.8664129797923691E-01 b      1318     2    18
 -1.4459704085135472E-01 b      1319     2    19
 -1.6840498090567993E-02 b      1320     2    20
  5.8150507825119969E-02 b      1321     2    21
 -2.2047056637380474E-01 b      1322     2    22
  4.6231501505353373E-01 b      1323     2    23
  1.4725547822452856E-01 b      1324     2    24
  5.1430830175042275E-01 b      1325     2    25
  2.2663131861743602E-01 a      1326     2     1     3     1
 -3.0117678618157490E-01 a      1327     2     2     3     1
 -1.5135534996813604E-01 a      1328     2     3     3     1
 -5.4507704389637113E-01 a      1329     2     4     3     1
 -2.5651958906035383E-01 a      1330     2     5     3     1
  5.0681212481338023E-01 a      1331     2     6     3     1
 -4.1250300241403227E-02 a      1332     2     7     3     1
 -4.8171223510304756E-02 a      1333     2     8     3     1
 -2.1057692044095169E-01 a      1334     2     9     3     1
 -1.9107532760812873E-01 a      1335     2    10     3     1
 -3.5435334519718364E-01 a      1336     2    11     3     1
 -6.9432781206856664E-01 a      1337     2    12     3     1
  2.6211844632501441E-01 a      1338     2    13     3     1
 -3.4599407912721543E-02 a      1339     2    14     3     1
 -2.1123855737762096E-01 a      1340     2    15     3     1
 -4.3080860394460518E-01 a      1341     2    16     3     1
 -3.5947337478920466E-01 a      1342     2    17     3     1
 -1.2766945936756008E-01 a      1343     2    18     3     1
  2.4413426979588659E-01 a      1344     2    19     3     1
 -1.1860751185192525E-01 a      1345     2    20     3     1
  2.2039945962594859E-01 a      1346     2    21     3     1
 -2.2315827633608207E-02 a      1347     2    22     3     1
 -5.3153951933188359E-01 a      1348     2    23     3     1
  8.7839814001366576E-02 a      1349     2    24     3     1
 -2.3526391911142525E-01 a      1350     2    25     3     1
 -1.3360874292805709E+00 b      1351     3     1
