################################################################################
# Neural network connection values (weights and biases).
################################################################################
# Col  Name       Description
################################################################################
# 1    connection Neural network connection value.
# 2    t          Connection type (a = weight, b = bias).
# 3    index      Index enumerating weights.
# 4    l_s        Starting point layer (end point layer for biases).
# 5    n_s        Starting point neuron in starting layer (end point neuron for biases).
# 6    l_e        End point layer.
# 7    n_e        End point neuron in end layer.
################################################################################
#                      1 2         3     4     5     6     7
#             connection t     index   l_s   n_s   l_e   n_e
############################################################
  4.2754455377731998E-01 a         1     0     1     1     1
  5.6375849904803244E-01 a         2     0     1     1     2
 -8.6480104003075586E-01 a         3     0     1     1     3
  5.8218239359973545E-01 a         4     0     1     1     4
 -2.3544034219897075E-01 a         5     0     1     1     5
  2.6981567531936318E-01 a         6     0     1     1     6
  4.2929319934241800E-01 a         7     0     1     1     7
 -3.5609944690930921E-02 a         8     0     1     1     8
  2.4066033935486671E-02 a         9     0     1     1     9
 -1.8035719857737653E-01 a        10     0     1     1    10
 -2.9632063354619107E+00 a        11     0     1     1    11
  9.6280554231043192E-01 a        12     0     1     1    12
  1.3493904938619208E-01 a        13     0     1     1    13
  2.4317422699877151E-02 a        14     0     1     1    14
  8.3144606109952468E-01 a        15     0     1     1    15
  3.0173463874062262E-01 a        16     0     1     1    16
  1.5860149680852262E-01 a        17     0     1     1    17
  5.6395817410591381E-02 a        18     0     1     1    18
  1.7908189322707796E-01 a        19     0     1     1    19
  8.0210798657675253E-01 a        20     0     1     1    20
  5.8995900504497845E-01 a        21     0     1     1    21
  3.0941816029771274E-01 a        22     0     1     1    22
  3.4271552145505885E-01 a        23     0     1     1    23
  7.3329586593390661E-01 a        24     0     1     1    24
 -1.0339699883121694E+00 a        25     0     1     1    25
  2.3033921412572292E-01 a        26     0     2     1     1
 -8.9493374214363333E-02 a        27     0     2     1     2
 -1.8203969007670234E-01 a        28     0     2     1     3
 -2.6219095871434561E-01 a        29     0     2     1     4
  4.5653608957252034E-01 a        30     0     2     1     5
 -2.8227645113409155E-01 a        31     0     2     1     6
 -5.3023628096123626E-02 a        32     0     2     1     7
 -3.0830557944241238E-01 a        33     0     2     1     8
 -3.3974945009147711E-01 a        34     0     2     1     9
 -4.2454979021856581E-01 a        35     0     2     1    10
  4.2836582549193675E-01 a        36     0     2     1    11
 -1.9354467666609393E-01 a        37     0     2     1    12
 -2.6628990194209817E-01 a        38     0     2     1    13
  4.0138707526315587E-01 a        39     0     2     1    14
 -3.3531813313394798E-01 a        40     0     2     1    15
  3.2999006974166772E-01 a        41     0     2     1    16
  5.3886215123298575E-01 a        42     0     2     1    17
  2.9580946398366254E-01 a        43     0     2     1    18
 -2.1435355038240694E-01 a        44     0     2     1    19
  2.8080062003799289E-01 a        45     0     2     1    20
 -1.1549278046134513E-01 a        46     0     2     1    21
  5.4010635633494397E-01 a        47     0     2     1    22
 -2.7430076627271915E-01 a        48     0     2     1    23
 -7.7365831190689882E-01 a        49     0     2     1    24
 -2.5347510951680985E-01 a        50     0     2     1    25
 -1.4608761882915638E-01 a        51     0     3     1     1
  1.9303431929786427E-01 a        52     0     3     1     2
  4.7691739114243031E-01 a        53     0     3     1     3
 -9.7414974254583298E-01 a        54     0     3     1     4
  5.7015675416576062E-01 a        55     0     3     1     5
 -4.2922718322446723E-01 a        56     0     3     1     6
 -3.3765032773132209E-01 a        57     0     3     1     7
 -1.4696631707476748E-01 a        58     0     3     1     8
  1.1017983760173038E-01 a        59     0     3     1     9
  1.6318196740898072E-01 a        60     0     3     1    10
  3.1423128222218253E+00 a        61     0     3     1    11
 -1.1524973357579943E-01 a        62     0     3     1    12
 -8.4493524120159547E-01 a        63     0     3     1    13
  1.0318018912403506E+00 a        64     0     3     1    14
 -9.5716096753475755E-01 a        65     0     3     1    15
 -6.8393970564676526E-02 a        66     0     3     1    16
  8.4113787153504788E-02 a        67     0     3     1    17
  7.9275455758480690E-02 a        68     0     3     1    18
 -3.3504558896548042E-01 a        69     0     3     1    19
 -6.5042098711952268E-02 a        70     0     3     1    20
 -5.2404491843381962E-01 a        71     0     3     1    21
  3.2856006588740316E-01 a        72     0     3     1    22
 -4.2617582486671618E-01 a        73     0     3     1    23
 -9.1421082765552164E-01 a        74     0     3     1    24
  1.2379894124249539E-01 a        75     0     3     1    25
 -3.3757927171462548E-01 a        76     0     4     1     1
 -4.5484716512571410E-01 a        77     0     4     1     2
  1.7234933887177655E+00 a        78     0     4     1     3
  8.4671806275111938E-01 a        79     0     4     1     4
  9.4963226789249289E-01 a        80     0     4     1     5
  4.1842946190286590E-01 a        81     0     4     1     6
  2.0161204627381013E-01 a        82     0     4     1     7
 -1.3416582487459927E-01 a        83     0     4     1     8
  4.0130651134590450E-01 a        84     0     4     1     9
  2.4966962825714129E-01 a        85     0     4     1    10
 -4.5876148244700883E-02 a        86     0     4     1    11
 -1.6096174257602307E+00 a        87     0     4     1    12
  1.4303638464057788E+00 a        88     0     4     1    13
 -8.3382041998808620E-01 a        89     0     4     1    14
 -3.6283164299502979E-01 a        90     0     4     1    15
  9.9079970421289812E-02 a        91     0     4     1    16
 -1.1879632598706598E+00 a        92     0     4     1    17
 -6.5122997272646310E-01 a        93     0     4     1    18
 -2.9576382990049432E-01 a        94     0     4     1    19
  5.1581783618805355E-01 a        95     0     4     1    20
  1.0427543121431125E-01 a        96     0     4     1    21
 -5.0990047118948534E-01 a        97     0     4     1    22
  5.0958099089913667E-01 a        98     0     4     1    23
  1.1147473608856409E+00 a        99     0     4     1    24
  7.7821480982313096E-01 a       100     0     4     1    25
 -8.0989382200821869E-01 a       101     0     5     1     1
  6.9849074983901049E-01 a       102     0     5     1     2
 -1.0204600547173730E+00 a       103     0     5     1     3
  5.4876401326922009E-01 a       104     0     5     1     4
 -9.0152853426173762E-01 a       105     0     5     1     5
  3.0986652682291862E-02 a       106     0     5     1     6
 -7.9863838139054422E-01 a       107     0     5     1     7
  8.5899754788896010E-01 a       108     0     5     1     8
 -1.4755806182291286E-02 a       109     0     5     1     9
 -2.1024102092063610E-01 a       110     0     5     1    10
 -4.8597880592969628E-01 a       111     0     5     1    11
  1.0071209907479590E+00 a       112     0     5     1    12
  8.8681062792205612E-02 a       113     0     5     1    13
 -1.8887396981569473E+00 a       114     0     5     1    14
  2.2714105885530413E+00 a       115     0     5     1    15
 -3.2811295015593312E-03 a       116     0     5     1    16
 -1.8319414688132424E-01 a       117     0     5     1    17
 -7.1927834420976311E-01 a       118     0     5     1    18
  5.3908442094354458E-01 a       119     0     5     1    19
 -7.8331938036922366E-01 a       120     0     5     1    20
  1.0259708227187680E+00 a       121     0     5     1    21
 -1.4607513922261053E+00 a       122     0     5     1    22
  3.3788102982509804E-01 a       123     0     5     1    23
  1.0233229254728597E+00 a       124     0     5     1    24
 -7.0472169414798336E-01 a       125     0     5     1    25
  4.6768871829508013E-01 a       126     0     6     1     1
 -1.9088287626521991E-01 a       127     0     6     1     2
  7.9092525509849756E-02 a       128     0     6     1     3
 -1.0004775244976651E+00 a       129     0     6     1     4
  2.3163473445225974E-01 a       130     0     6     1     5
  2.2677101176740755E-01 a       131     0     6     1     6
  4.7507450607987411E-01 a       132     0     6     1     7
 -6.1094016283551589E-01 a       133     0     6     1     8
 -2.0544257136587316E-01 a       134     0     6     1     9
 -9.5318168104575288E-02 a       135     0     6     1    10
  2.5425290761279051E-01 a       136     0     6     1    11
 -8.0689764460103786E-01 a       137     0     6     1    12
 -9.8285184581540508E-01 a       138     0     6     1    13
  2.1488651065832993E+00 a       139     0     6     1    14
 -1.4469043690528500E+00 a       140     0     6     1    15
 -4.8477861629592132E-02 a       141     0     6     1    16
  7.8289252691645239E-01 a       142     0     6     1    17
  7.6653484728355148E-01 a       143     0     6     1    18
 -8.5604786812463041E-01 a       144     0     6     1    19
  2.8827868510178206E-01 a       145     0     6     1    20
 -1.0320987661172725E+00 a       146     0     6     1    21
  1.4481879771285449E+00 a       147     0     6     1    22
 -6.8091640910194184E-01 a       148     0     6     1    23
 -1.1220542696561553E+00 a       149     0     6     1    24
  4.5960220464624868E-01 a       150     0     6     1    25
 -6.8940247279062714E-02 a       151     0     7     1     1
  1.7984003481111691E-01 a       152     0     7     1     2
 -3.0929202890839082E-02 a       153     0     7     1     3
  2.7173345026605583E-01 a       154     0     7     1     4
 -6.5818164565779227E-02 a       155     0     7     1     5
  5.3044054972865851E-03 a       156     0     7     1     6
 -3.7900068514231444E-02 a       157     0     7     1     7
  2.6012007103461188E-01 a       158     0     7     1     8
  3.1201630067845765E-02 a       159     0     7     1     9
  1.8570352498554427E-01 a       160     0     7     1    10
 -1.9282639358080680E-01 a       161     0     7     1    11
  3.4701490364793519E-01 a       162     0     7     1    12
  5.2941207708031079E-01 a       163     0     7     1    13
 -7.7701775584904154E-01 a       164     0     7     1    14
  1.9821356253444042E-01 a       165     0     7     1    15
 -7.8596951164006501E-02 a       166     0     7     1    16
 -1.7503473757949492E-01 a       167     0     7     1    17
 -4.5055176858029022E-01 a       168     0     7     1    18
  2.5357327194862567E-01 a       169     0     7     1    19
 -1.1028491776469340E-01 a       170     0     7     1    20
  9.6541453386613990E-02 a       171     0     7     1    21
 -5.9652981997183019E-01 a       172     0     7     1    22
  3.6114051351938781E-01 a       173     0     7     1    23
  2.9785666748425116E-01 a       174     0     7     1    24
 -1.0046562958713381E-01 a       175     0     7     1    25
  1.3596577670369334E-01 a       176     0     8     1     1
 -3.2850570125997321E-03 a       177     0     8     1     2
 -1.7854803829143323E-01 a       178     0     8     1     3
  1.1088438868216711E-02 a       179     0     8     1     4
 -3.3950625412789037E-02 a       180     0     8     1     5
  1.2025709389703110E-01 a       181     0     8     1     6
  9.2628773204189501E-04 a       182     0     8     1     7
 -8.6068414082998118E-02 a       183     0     8     1     8
  1.3071196015861172E-02 a       184     0     8     1     9
 -3.7676512607499109E-02 a       185     0     8     1    10
 -2.3771386199325652E-02 a       186     0     8     1    11
  4.5498167227970412E-02 a       187     0     8     1    12
 -2.4452760113484073E-02 a       188     0     8     1    13
 -1.8652258902436755E-02 a       189     0     8     1    14
  1.0528832623221783E-01 a       190     0     8     1    15
 -5.9912187640681937E-02 a       191     0     8     1    16
 -7.7045551377539864E-02 a       192     0     8     1    17
  5.7155528809613061E-02 a       193     0     8     1    18
 -1.4028470083516895E-01 a       194     0     8     1    19
  2.8460958459013759E-02 a       195     0     8     1    20
  2.4156467947347485E-01 a       196     0     8     1    21
  1.4548100828951374E-01 a       197     0     8     1    22
 -1.6268276620222541E-01 a       198     0     8     1    23
 -9.7941765206258288E-02 a       199     0     8     1    24
 -6.5271697846129878E-02 a       200     0     8     1    25
  2.8561324548182984E-04 a       201     0     9     1     1
 -5.0154409091966468E-01 a       202     0     9     1     2
  6.7782116301132356E-01 a       203     0     9     1     3
  2.4559828472196883E+00 a       204     0     9     1     4
 -5.0930694380518826E-01 a       205     0     9     1     5
 -3.0776066891451910E-02 a       206     0     9     1     6
  1.7936894620159678E+00 a       207     0     9     1     7
 -2.2228777376412298E-01 a       208     0     9     1     8
 -2.7111952001477507E-01 a       209     0     9     1     9
  2.9003622279404706E-01 a       210     0     9     1    10
  6.2211596129895330E-01 a       211     0     9     1    11
 -6.6960567237782143E-01 a       212     0     9     1    12
  1.8695777736744259E+00 a       213     0     9     1    13
 -2.6028417118056604E+00 a       214     0     9     1    14
  6.8518079058421510E-01 a       215     0     9     1    15
  2.8635637779938306E-01 a       216     0     9     1    16
 -6.3758170211396548E-01 a       217     0     9     1    17
  3.5889543967095178E-01 a       218     0     9     1    18
  4.2714625749662843E-01 a       219     0     9     1    19
  2.6825799733827171E-01 a       220     0     9     1    20
 -4.7628693901592645E-01 a       221     0     9     1    21
  2.1908391266879501E-01 a       222     0     9     1    22
  1.6031721380857931E+00 a       223     0     9     1    23
  1.1546901717822795E+00 a       224     0     9     1    24
  5.2849521390914522E-01 a       225     0     9     1    25
 -1.9465835444058397E+00 a       226     0    10     1     1
 -1.2600971592182170E-01 a       227     0    10     1     2
 -2.9088223180737383E-01 a       228     0    10     1     3
 -3.4886455142139701E+00 a       229     0    10     1     4
  1.5359799041616011E+00 a       230     0    10     1     5
  4.1245590795931118E-02 a       231     0    10     1     6
 -1.4889429909301208E+00 a       232     0    10     1     7
  1.7261007966535061E-01 a       233     0    10     1     8
 -1.1732733445710733E-01 a       234     0    10     1     9
  6.8813385260635429E-01 a       235     0    10     1    10
  3.9437726404863125E+00 a       236     0    10     1    11
  4.2125332222729706E-01 a       237     0    10     1    12
 -1.4413903787266573E+00 a       238     0    10     1    13
 -2.1134751726018187E-02 a       239     0    10     1    14
 -1.3042525398232856E+00 a       240     0    10     1    15
 -5.2875838046616996E-01 a       241     0    10     1    16
  1.7688504618270323E-01 a       242     0    10     1    17
  2.2958525422621609E-01 a       243     0    10     1    18
 -1.9014158582761984E-02 a       244     0    10     1    19
 -1.6246179621905186E+00 a       245     0    10     1    20
 -1.5514997399988621E-03 a       246     0    10     1    21
 -8.2134351316859877E-01 a       247     0    10     1    22
 -4.4206553940326754E-01 a       248     0    10     1    23
 -2.3528094532168978E-01 a       249     0    10     1    24
  3.6805592781462276E-01 a       250     0    10     1    25
  1.4164011046470004E+00 a       251     0    11     1     1
  1.9452340400363835E-01 a       252     0    11     1     2
 -1.6147924690392661E+00 a       253     0    11     1     3
  4.3750839202785585E-01 a       254     0    11     1     4
 -1.2177371358365960E+00 a       255     0    11     1     5
  6.7970071693453815E-02 a       256     0    11     1     6
 -4.5194008590138129E-01 a       257     0    11     1     7
  1.8656930631358007E-01 a       258     0    11     1     8
  4.0812397021102748E-01 a       259     0    11     1     9
 -9.1486235840352770E-01 a       260     0    11     1    10
 -4.9922859521888183E+00 a       261     0    11     1    11
 -2.4309180504678540E-01 a       262     0    11     1    12
 -1.0939321450456543E+00 a       263     0    11     1    13
  2.1604969492456276E+00 a       264     0    11     1    14
  1.1198944113824945E+00 a       265     0    11     1    15
  7.0736428692058884E-01 a       266     0    11     1    16
  4.9890639187278385E-01 a       267     0    11     1    17
 -8.3275009987148396E-01 a       268     0    11     1    18
 -2.5586972071491154E-01 a       269     0    11     1    19
  9.1824834084331552E-01 a       270     0    11     1    20
  7.1406298625402032E-01 a       271     0    11     1    21
 -2.6776757861209610E-01 a       272     0    11     1    22
 -1.8056939308250881E+00 a       273     0    11     1    23
 -9.3956483263177026E-01 a       274     0    11     1    24
 -1.5407712335905496E-01 a       275     0    11     1    25
 -1.1805337324740678E-01 a       276     0    12     1     1
  1.5472270780612292E+00 a       277     0    12     1     2
  5.0860953363264061E-01 a       278     0    12     1     3
 -1.1815801508852000E+00 a       279     0    12     1     4
  5.4964167083120874E-01 a       280     0    12     1     5
  7.5426754588251613E-02 a       281     0    12     1     6
 -2.9933322487257596E+00 a       282     0    12     1     7
  1.4463303865760262E+00 a       283     0    12     1     8
  5.3599275248832101E-01 a       284     0    12     1     9
 -1.5078263715564069E-01 a       285     0    12     1    10
 -2.0992749399767821E+00 a       286     0    12     1    11
  8.9871424042220838E-01 a       287     0    12     1    12
  3.5059754948551464E-01 a       288     0    12     1    13
  1.1080258551306286E+00 a       289     0    12     1    14
  2.4193374874097966E+00 a       290     0    12     1    15
 -3.6741761983140470E-01 a       291     0    12     1    16
 -8.7977356308044097E-01 a       292     0    12     1    17
 -7.1806729628918653E-01 a       293     0    12     1    18
  5.6968701591556670E-01 a       294     0    12     1    19
 -2.6099657798060805E+00 a       295     0    12     1    20
  1.5069849515076623E+00 a       296     0    12     1    21
 -2.4341512327799633E+00 a       297     0    12     1    22
  1.2405764854348555E-01 a       298     0    12     1    23
 -6.6540023183054173E-02 a       299     0    12     1    24
  8.1450579165002771E-02 a       300     0    12     1    25
  1.7763636281706670E+00 a       301     0    13     1     1
 -5.0743223425808071E-01 a       302     0    13     1     2
  7.8121030250189449E-01 a       303     0    13     1     3
  3.9458366602216839E+00 a       304     0    13     1     4
 -2.0771373711425252E+00 a       305     0    13     1     5
 -1.6941350327608215E-01 a       306     0    13     1     6
  2.2372434382473450E+00 a       307     0    13     1     7
 -1.6282439330702378E-01 a       308     0    13     1     8
  5.6090181390953842E-02 a       309     0    13     1     9
 -6.7553878393637457E-01 a       310     0    13     1    10
 -3.5369612960486974E+00 a       311     0    13     1    11
 -6.5057318003200182E-01 a       312     0    13     1    12
  1.6016835329248964E+00 a       313     0    13     1    13
 -6.8872668490720501E-01 a       314     0    13     1    14
  9.4879227489110277E-02 a       315     0    13     1    15
  4.9462056813444666E-01 a       316     0    13     1    16
 -4.9913783168814041E-01 a       317     0    13     1    17
  9.8157272813064675E-02 a       318     0    13     1    18
  1.7490166247742150E-01 a       319     0    13     1    19
  2.4498835530197836E+00 a       320     0    13     1    20
 -3.4273335647382291E-01 a       321     0    13     1    21
  1.6624368649980696E+00 a       322     0    13     1    22
 -1.7515424659487272E-02 a       323     0    13     1    23
  4.3022463145661921E-01 a       324     0    13     1    24
 -2.5984288666181315E-01 a       325     0    13     1    25
 -9.9126817290663571E-01 a       326     0    14     1     1
 -2.2227931079406114E+00 a       327     0    14     1     2
  1.4164832099102267E+00 a       328     0    14     1     3
 -1.8779910090850367E+00 a       329     0    14     1     4
  1.2683912137854927E+00 a       330     0    14     1     5
 -5.6514244017285520E-01 a       331     0    14     1     6
  1.4390916235452769E+00 a       332     0    14     1     7
 -1.2953662803577850E+00 a       333     0    14     1     8
  1.4894269222962042E-01 a       334     0    14     1     9
  1.9598264155744274E+00 a       335     0    14     1    10
  6.8375418985990830E+00 a       336     0    14     1    11
  4.3509304785981628E-01 a       337     0    14     1    12
 -1.8133026901566640E+00 a       338     0    14     1    13
 -1.4128401186126502E+00 a       339     0    14     1    14
 -5.9138447053100478E+00 a       340     0    14     1    15
 -1.0579228510304042E+00 a       341     0    14     1    16
 -5.7734566933665388E-01 a       342     0    14     1    17
  2.9549031500501083E-01 a       343     0    14     1    18
 -6.0548910355360497E-01 a       344     0    14     1    19
  7.4129403209503042E-01 a       345     0    14     1    20
 -1.0062652945984838E+00 a       346     0    14     1    21
  1.8848287416103477E+00 a       347     0    14     1    22
  2.7468468830539561E-01 a       348     0    14     1    23
  9.8225685035050775E-02 a       349     0    14     1    24
  4.5854381227736246E-01 a       350     0    14     1    25
 -4.0514109110935842E-01 a       351     0    15     1     1
  7.6288921156941014E-01 a       352     0    15     1     2
  1.2526815913870293E+00 a       353     0    15     1     3
  3.4817581482477911E+00 a       354     0    15     1     4
 -1.3209175487585858E+00 a       355     0    15     1     5
  1.7942805183479946E+00 a       356     0    15     1     6
 -1.6146594249542572E+00 a       357     0    15     1     7
  6.7739768026952463E-01 a       358     0    15     1     8
 -4.9458258787619352E-01 a       359     0    15     1     9
 -2.0068947632065091E+00 a       360     0    15     1    10
 -3.0651888584032774E+00 a       361     0    15     1    11
 -2.3526716564733317E+00 a       362     0    15     1    12
  2.3854213560921980E+00 a       363     0    15     1    13
  7.7647638111766326E-01 a       364     0    15     1    14
  3.8524772682766937E+00 a       365     0    15     1    15
 -2.2212748453954365E-01 a       366     0    15     1    16
  5.8775545466276058E-01 a       367     0    15     1    17
 -3.5301418700782218E-02 a       368     0    15     1    18
 -1.7161681871209342E-02 a       369     0    15     1    19
  1.4487294140964686E+00 a       370     0    15     1    20
  8.4655236539470369E-01 a       371     0    15     1    21
 -8.0518861786985740E-01 a       372     0    15     1    22
  1.1191775303873661E+00 a       373     0    15     1    23
  8.3802207191855749E-01 a       374     0    15     1    24
 -8.6971400452597836E-01 a       375     0    15     1    25
 -1.8399566908373912E+00 a       376     0    16     1     1
  2.0451840493261667E-01 a       377     0    16     1     2
  5.9652619502052229E-01 a       378     0    16     1     3
 -3.8059946952645474E+00 a       379     0    16     1     4
  2.3702275693451820E+00 a       380     0    16     1     5
 -1.2499741610104161E-01 a       381     0    16     1     6
 -1.7976439079063196E+00 a       382     0    16     1     7
 -6.9537314070521689E-02 a       383     0    16     1     8
  1.5102601354177771E-02 a       384     0    16     1     9
  9.1847713535921371E-01 a       385     0    16     1    10
  4.8997727932057549E+00 a       386     0    16     1    11
  1.0736293582627496E+00 a       387     0    16     1    12
 -1.4696457260854445E+00 a       388     0    16     1    13
  3.7299336530115734E-01 a       389     0    16     1    14
 -1.7979909805979009E+00 a       390     0    16     1    15
 -1.0691048240043530E+00 a       391     0    16     1    16
  9.1703000612504804E-02 a       392     0    16     1    17
 -1.3490557096912487E-01 a       393     0    16     1    18
 -7.8694389541095144E-02 a       394     0    16     1    19
 -1.9961886713829162E+00 a       395     0    16     1    20
  1.0294373770046132E-01 a       396     0    16     1    21
 -6.4789137844312350E-01 a       397     0    16     1    22
  4.5051971905856153E-01 a       398     0    16     1    23
 -4.4420242355112149E-01 a       399     0    16     1    24
  2.8694309951800551E-01 a       400     0    16     1    25
  2.7480173491171338E+00 a       401     0    17     1     1
 -8.6280600850562761E-01 a       402     0    17     1     2
 -1.2456154400931723E+00 a       403     0    17     1     3
  7.6976587311304157E-01 a       404     0    17     1     4
 -9.8307466639116148E-01 a       405     0    17     1     5
 -1.4470665775747422E+00 a       406     0    17     1     6
  3.4916805068383701E+00 a       407     0    17     1     7
 -6.9164228054197674E-01 a       408     0    17     1     8
  1.1374579719274150E-01 a       409     0    17     1     9
  1.0898857801158783E+00 a       410     0    17     1    10
 -1.6028304893653063E+00 a       411     0    17     1    11
  1.8416865043250894E+00 a       412     0    17     1    12
 -3.7824677957514602E-01 a       413     0    17     1    13
 -7.8460736983371282E-01 a       414     0    17     1    14
 -2.3278477793427972E+00 a       415     0    17     1    15
  9.1440625257279884E-01 a       416     0    17     1    16
 -7.9225394109368863E-01 a       417     0    17     1    17
  4.8029129017601346E-01 a       418     0    17     1    18
  1.9540817784619355E-01 a       419     0    17     1    19
  7.1532805282304379E-01 a       420     0    17     1    20
 -1.0331560517527749E+00 a       421     0    17     1    21
  2.2818661729657603E+00 a       422     0    17     1    22
 -1.0343770146900657E+00 a       423     0    17     1    23
 -6.9077841154731212E-01 a       424     0    17     1    24
  1.5362455107694492E-01 a       425     0    17     1    25
 -7.2755626941802654E-01 a       426     0    18     1     1
  7.2886106694856220E-02 a       427     0    18     1     2
 -1.0489623942241970E+00 a       428     0    18     1     3
 -3.4233421717807233E+00 a       429     0    18     1     4
  1.6856049326161410E-01 a       430     0    18     1     5
  5.1940575870803685E-01 a       431     0    18     1     6
  5.7134990408482900E-01 a       432     0    18     1     7
 -2.9582323247535602E-01 a       433     0    18     1     8
 -5.2193000929117983E-01 a       434     0    18     1     9
 -9.2595322877554731E-01 a       435     0    18     1    10
  1.3507447172007754E+00 a       436     0    18     1    11
 -7.9631717992718887E-01 a       437     0    18     1    12
  1.4899254021151709E-01 a       438     0    18     1    13
 -1.6417196303325321E-01 a       439     0    18     1    14
  1.2128360174388939E-01 a       440     0    18     1    15
  2.3047150435391378E-01 a       441     0    18     1    16
  1.1015061453750867E+00 a       442     0    18     1    17
 -7.9115811665849134E-02 a       443     0    18     1    18
 -1.1377773248957072E-01 a       444     0    18     1    19
 -6.4356372044424237E-01 a       445     0    18     1    20
 -1.1872191661344642E+00 a       446     0    18     1    21
  6.3159294314531891E-02 a       447     0    18     1    22
 -6.2642315351375844E-01 a       448     0    18     1    23
 -3.4604985856743864E-01 a       449     0    18     1    24
 -1.8498598024472243E-01 a       450     0    18     1    25
 -2.7773429545324263E-01 a       451     0    19     1     1
  7.0037457082435506E-01 a       452     0    19     1     2
 -1.1281346540459014E+00 a       453     0    19     1     3
 -7.4679179842634869E-01 a       454     0    19     1     4
 -3.7400646488016198E-01 a       455     0    19     1     5
 -2.9576455219524134E-01 a       456     0    19     1     6
 -3.6370178489921973E-01 a       457     0    19     1     7
  1.8026214852558425E-01 a       458     0    19     1     8
 -2.1861184471631892E-01 a       459     0    19     1     9
 -6.8622743617648183E-02 a       460     0    19     1    10
 -6.7085713800971325E-01 a       461     0    19     1    11
 -3.8712646641712217E-01 a       462     0    19     1    12
 -1.9476088781579076E-01 a       463     0    19     1    13
  6.6525463195655743E-01 a       464     0    19     1    14
  1.4922598954941062E+00 a       465     0    19     1    15
  8.5321204275021087E-02 a       466     0    19     1    16
  1.1109103304924164E+00 a       467     0    19     1    17
  4.0675850978513017E-01 a       468     0    19     1    18
 -2.8438774003799616E-01 a       469     0    19     1    19
 -7.6476080067950680E-01 a       470     0    19     1    20
 -4.8094747652738085E-01 a       471     0    19     1    21
 -8.6770396225669721E-01 a       472     0    19     1    22
 -5.6973645336741618E-01 a       473     0    19     1    23
 -3.5894117364548028E-01 a       474     0    19     1    24
  2.0496250008780245E-01 a       475     0    19     1    25
  6.4741418561443009E-01 a       476     0    20     1     1
  9.1161974178019312E-01 a       477     0    20     1     2
 -1.6216487570020057E+00 a       478     0    20     1     3
  2.9456746617644778E+00 a       479     0    20     1     4
 -1.1164976056147256E+00 a       480     0    20     1     5
 -4.7733122252224502E-01 a       481     0    20     1     6
 -8.7486410288640026E-01 a       482     0    20     1     7
  5.6648784480809855E-01 a       483     0    20     1     8
 -3.2729241080678495E-01 a       484     0    20     1     9
 -2.3759656900463688E-01 a       485     0    20     1    10
 -2.9852337396835624E+00 a       486     0    20     1    11
  5.8455190847156979E-01 a       487     0    20     1    12
 -4.5096359101082673E-01 a       488     0    20     1    13
  7.3696791053075050E-01 a       489     0    20     1    14
  2.7477417831181103E+00 a       490     0    20     1    15
  3.0760075261145482E-02 a       491     0    20     1    16
  1.9570073980651108E+00 a       492     0    20     1    17
  5.0611669775415413E-01 a       493     0    20     1    18
 -9.8382159891037962E-02 a       494     0    20     1    19
 -1.0384105665522874E+00 a       495     0    20     1    20
  6.7853030797871916E-01 a       496     0    20     1    21
 -1.1924954749060044E+00 a       497     0    20     1    22
  6.7880976414340016E-02 a       498     0    20     1    23
  3.5594624023366478E-01 a       499     0    20     1    24
  5.5085043581170789E-01 a       500     0    20     1    25
 -4.7137618619653504E-01 a       501     0    21     1     1
 -1.5008006596553554E+00 a       502     0    21     1     2
  5.4269207770903771E-01 a       503     0    21     1     3
  3.4914082574714054E+00 a       504     0    21     1     4
 -1.7884641027745918E+00 a       505     0    21     1     5
  1.3961196420922464E+00 a       506     0    21     1     6
  1.1465989555000691E+00 a       507     0    21     1     7
 -1.5068451679054053E+00 a       508     0    21     1     8
  1.3961980318917200E-01 a       509     0    21     1     9
  3.9433748661447204E-01 a       510     0    21     1    10
 -5.8136933329079910E-01 a       511     0    21     1    11
 -3.2495316071456185E-03 a       512     0    21     1    12
  1.7652121811440391E+00 a       513     0    21     1    13
 -1.9394054959932689E+00 a       514     0    21     1    14
  2.3367576785369910E+00 a       515     0    21     1    15
  3.8086890855581568E-01 a       516     0    21     1    16
 -1.0072412944270555E+00 a       517     0    21     1    17
  4.3057638035662804E-01 a       518     0    21     1    18
 -5.3451596373528631E-01 a       519     0    21     1    19
  9.5453310949874770E-01 a       520     0    21     1    20
  3.7275015791924465E-01 a       521     0    21     1    21
  7.4675226608319922E-01 a       522     0    21     1    22
  7.4685406907746987E-01 a       523     0    21     1    23
  6.1239215313410644E-01 a       524     0    21     1    24
  4.8748092356416434E-01 a       525     0    21     1    25
 -1.2344322729107382E+00 a       526     0    22     1     1
 -7.2355118198700802E-02 a       527     0    22     1     2
  3.9794705119532375E-01 a       528     0    22     1     3
 -2.7141073054118343E+00 a       529     0    22     1     4
  1.7927315242042732E+00 a       530     0    22     1     5
 -3.7301412552589042E-01 a       531     0    22     1     6
 -1.2856959427515275E+00 a       532     0    22     1     7
 -1.4737507638082595E-01 a       533     0    22     1     8
 -2.5156704251549325E-02 a       534     0    22     1     9
  1.0156882269704786E+00 a       535     0    22     1    10
  3.0871772182734798E+00 a       536     0    22     1    11
  4.9766649729714313E-01 a       537     0    22     1    12
 -9.8207870190458624E-01 a       538     0    22     1    13
  1.0715719218792868E-01 a       539     0    22     1    14
 -1.5617944886580355E+00 a       540     0    22     1    15
 -2.1736298574695925E-01 a       541     0    22     1    16
 -5.5411119141850484E-01 a       542     0    22     1    17
 -9.0955616529361460E-02 a       543     0    22     1    18
 -2.4350306429955563E-02 a       544     0    22     1    19
 -9.9997921661324274E-01 a       545     0    22     1    20
  4.4934252961341464E-01 a       546     0    22     1    21
 -4.5069467548481912E-01 a       547     0    22     1    22
  1.8687418310168008E-01 a       548     0    22     1    23
 -4.6380029804432643E-01 a       549     0    22     1    24
  1.4031776451251324E-01 a       550     0    22     1    25
  1.5915281070739156E+00 a       551     0    23     1     1
  7.3311300606226404E-01 a       552     0    23     1     2
  7.4221421464296988E-01 a       553     0    23     1     3
 -4.3485802347356506E-01 a       554     0    23     1     4
  8.6982367418356632E-01 a       555     0    23     1     5
 -7.2296688520391339E-01 a       556     0    23     1     6
  2.6445980911891076E-01 a       557     0    23     1     7
  1.3594842448147533E+00 a       558     0    23     1     8
  2.9467398576441733E-01 a       559     0    23     1     9
 -1.1168362057937393E+00 a       560     0    23     1    10
 -1.4423678340038582E+00 a       561     0    23     1    11
 -3.3763770958219891E-01 a       562     0    23     1    12
 -5.0977077885737099E-01 a       563     0    23     1    13
  1.4553149899873441E+00 a       564     0    23     1    14
 -2.2061469699723251E+00 a       565     0    23     1    15
  2.1675033206399734E-02 a       566     0    23     1    16
 -2.2306491950956683E-01 a       567     0    23     1    17
 -6.6881723826126782E-01 a       568     0    23     1    18
  1.1703802542224286E+00 a       569     0    23     1    19
  1.3738638153794045E+00 a       570     0    23     1    20
 -2.6126725031974779E-01 a       571     0    23     1    21
  4.1052723672843922E-01 a       572     0    23     1    22
 -4.1511818602080858E-01 a       573     0    23     1    23
 -7.5848850495902342E-02 a       574     0    23     1    24
 -7.3340304317050387E-01 a       575     0    23     1    25
  1.2991786425594094E+00 a       576     0    24     1     1
 -8.9890161887430686E-01 a       577     0    24     1     2
 -6.1530330083289189E-02 a       578     0    24     1     3
  5.1585617584854060E-01 a       579     0    24     1     4
 -2.7914645462140592E-01 a       580     0    24     1     5
 -1.0041491541504770E+00 a       581     0    24     1     6
  1.0318236779231937E+00 a       582     0    24     1     7
 -2.3392718820977684E-01 a       583     0    24     1     8
  4.5411390643834604E-01 a       584     0    24     1     9
  8.2204686562190085E-02 a       585     0    24     1    10
  7.7539605696130143E-01 a       586     0    24     1    11
 -7.0969680739189667E-01 a       587     0    24     1    12
  5.3155510861798194E-01 a       588     0    24     1    13
 -6.1985672196496500E-01 a       589     0    24     1    14
 -5.6575535976493521E-02 a       590     0    24     1    15
 -1.0838674352085305E-02 a       591     0    24     1    16
 -3.1406811994847428E-01 a       592     0    24     1    17
  4.6712003325064344E-01 a       593     0    24     1    18
 -3.2348787857460520E-01 a       594     0    24     1    19
 -3.7317042045215620E-01 a       595     0    24     1    20
 -2.8154733606666688E-01 a       596     0    24     1    21
  2.6512262439057999E-01 a       597     0    24     1    22
 -2.5350836849651615E-01 a       598     0    24     1    23
 -9.9157810550368639E-02 a       599     0    24     1    24
  2.3713441219150130E-02 a       600     0    24     1    25
 -2.2184229653484286E+00 a       601     0    25     1     1
  1.2393786596970879E+00 a       602     0    25     1     2
  1.2663072990918178E-01 a       603     0    25     1     3
 -4.2002332574943374E-01 a       604     0    25     1     4
 -1.9491279900183842E-01 a       605     0    25     1     5
  1.8910411387871584E+00 a       606     0    25     1     6
 -1.9073281855490432E+00 a       607     0    25     1     7
  3.4461006002136396E-01 a       608     0    25     1     8
 -1.7120569506082375E-01 a       609     0    25     1     9
 -6.1595625548313271E-01 a       610     0    25     1    10
 -1.0295143453711513E+00 a       611     0    25     1    11
  1.1017044915451220E+00 a       612     0    25     1    12
 -7.3868161329475712E-01 a       613     0    25     1    13
  4.2845856894755274E-01 a       614     0    25     1    14
  4.1859865838401850E-01 a       615     0    25     1    15
 -7.0423519040419214E-01 a       616     0    25     1    16
 -2.0942532035788955E-01 a       617     0    25     1    17
 -4.2727754378329919E-01 a       618     0    25     1    18
  5.4360719382349865E-01 a       619     0    25     1    19
  3.9856000147543347E-01 a       620     0    25     1    20
  1.1109865791334768E+00 a       621     0    25     1    21
 -7.4533557951812968E-01 a       622     0    25     1    22
  2.2126176947546189E-01 a       623     0    25     1    23
  1.8275905952402988E-01 a       624     0    25     1    24
 -2.3338407112863637E-02 a       625     0    25     1    25
  9.2109545751224609E-01 a       626     0    26     1     1
 -3.2436615697282301E-01 a       627     0    26     1     2
  6.5630385163365787E-03 a       628     0    26     1     3
  1.1793610620092067E-02 a       629     0    26     1     4
  2.9519711181371244E-01 a       630     0    26     1     5
 -9.4762046726727467E-01 a       631     0    26     1     6
  9.9246906375895105E-01 a       632     0    26     1     7
 -3.7680071213371399E-02 a       633     0    26     1     8
 -1.8779847899479955E-02 a       634     0    26     1     9
  4.7368499740243275E-01 a       635     0    26     1    10
  3.0670214720594741E-01 a       636     0    26     1    11
 -5.5438191187558972E-01 a       637     0    26     1    12
  1.4459171594840295E-01 a       638     0    26     1    13
  2.2902308958739112E-02 a       639     0    26     1    14
 -3.4306612385401736E-01 a       640     0    26     1    15
  5.5410502726712552E-01 a       641     0    26     1    16
  5.1562357310313522E-01 a       642     0    26     1    17
 -1.0702858336662918E-01 a       643     0    26     1    18
 -2.7380476738874648E-01 a       644     0    26     1    19
 -2.2344971499011315E-01 a       645     0    26     1    20
 -7.9515732102794745E-01 a       646     0    26     1    21
  3.5905689779327593E-01 a       647     0    26     1    22
 -1.3326477002855585E-02 a       648     0    26     1    23
  8.9137362331946454E-02 a       649     0    26     1    24
  7.0479342398535080E-02 a       650     0    26     1    25
  3.6745735931938979E-02 b       651     1     1
 -3.1624334123962025E-02 b       652     1     2
  2.6040079110143905E-02 b       653     1     3
 -6.0630838515455043E-01 b       654     1     4
 -1.8486311928087931E-01 b       655     1     5
  5.5625926530549610E-02 b       656     1     6
 -1.8699702895676907E-03 b       657     1     7
 -6.1840015963050575E-02 b       658     1     8
 -2.5552332463612812E-02 b       659     1     9
 -9.1055437695469461E-04 b       660     1    10
  3.8218772207075558E-01 b       661     1    11
 -1.4358910052912521E-01 b       662     1    12
 -1.1264759139842712E-01 b       663     1    13
 -1.2944042738480971E-01 b       664     1    14
 -9.2439855309909363E-02 b       665     1    15
  8.5117283601392063E-02 b       666     1    16
  1.4775691799911136E-01 b       667     1    17
 -3.3567736259838152E-02 b       668     1    18
  2.2657835415893654E-02 b       669     1    19
  1.4444544037337519E-03 b       670     1    20
  2.1273869941175073E-02 b       671     1    21
 -6.4502852191150067E-02 b       672     1    22
 -5.9354239978314703E-02 b       673     1    23
  1.2714437170205428E-01 b       674     1    24
 -1.6986323778623632E-02 b       675     1    25
 -2.2379495340135130E-01 a       676     1     1     2     1
  2.2398455937296988E-02 a       677     1     1     2     2
 -6.9403085590358987E-02 a       678     1     1     2     3
 -1.2765737043558284E-01 a       679     1     1     2     4
 -1.9654894250076008E-01 a       680     1     1     2     5
 -2.4542059935884081E-01 a       681     1     1     2     6
  3.9455411461000456E-02 a       682     1     1     2     7
 -2.9949805263539528E+00 a       683     1     1     2     8
 -1.8878500278219776E-01 a       684     1     1     2     9
  1.9334443703887283E-01 a       685     1     1     2    10
 -2.2012941154280083E-01 a       686     1     1     2    11
  1.5997477391436979E-01 a       687     1     1     2    12
 -2.6056938503404492E-01 a       688     1     1     2    13
  8.9342293004499029E-01 a       689     1     1     2    14
  5.3908953231867995E-01 a       690     1     1     2    15
 -4.0613423565302564E-01 a       691     1     1     2    16
  5.8232933578450784E-03 a       692     1     1     2    17
 -2.8874417873222630E-01 a       693     1     1     2    18
 -3.3147639158825665E-01 a       694     1     1     2    19
  9.7630969300439030E-01 a       695     1     1     2    20
  3.3539992319675832E-02 a       696     1     1     2    21
  5.2715533341594034E-01 a       697     1     1     2    22
  3.7220865549358984E-01 a       698     1     1     2    23
 -5.7025449573657871E-01 a       699     1     1     2    24
  6.1995089404990399E-02 a       700     1     1     2    25
  2.4801960368522261E-01 a       701     1     2     2     1
 -3.4949345084201677E-01 a       702     1     2     2     2
  2.2632159122984212E-02 a       703     1     2     2     3
  3.4174574720389028E-01 a       704     1     2     2     4
  8.4283585484904541E-02 a       705     1     2     2     5
  2.4917577890336112E-01 a       706     1     2     2     6
 -3.8009878207533782E-01 a       707     1     2     2     7
 -1.0274540383155426E+00 a       708     1     2     2     8
 -1.6312834808149909E-01 a       709     1     2     2     9
 -5.5205985030356486E-01 a       710     1     2     2    10
 -1.5451121447477958E-01 a       711     1     2     2    11
  1.6734098430838465E-01 a       712     1     2     2    12
  2.1580096029488979E-01 a       713     1     2     2    13
 -5.5315004447964736E-02 a       714     1     2     2    14
 -3.0809780821152506E-02 a       715     1     2     2    15
  5.8041089717510996E-01 a       716     1     2     2    16
 -4.9302898572928544E-01 a       717     1     2     2    17
 -5.7643804566993584E-02 a       718     1     2     2    18
  6.4274654986348739E-02 a       719     1     2     2    19
  2.3972309454154492E-01 a       720     1     2     2    20
 -4.7828485668421666E-01 a       721     1     2     2    21
 -7.9077220945993787E-01 a       722     1     2     2    22
 -4.0643755920358948E-01 a       723     1     2     2    23
 -3.2093588101650156E-01 a       724     1     2     2    24
  6.2761252747626659E-02 a       725     1     2     2    25
  3.7341309185682847E-02 a       726     1     3     2     1
  7.4171964108890084E-02 a       727     1     3     2     2
 -1.0738558050541673E-01 a       728     1     3     2     3
  5.2998331929072984E-01 a       729     1     3     2     4
 -1.2667061655658263E-03 a       730     1     3     2     5
  3.5875120456074555E-01 a       731     1     3     2     6
 -1.5662373681076427E-01 a       732     1     3     2     7
 -9.2993308433723210E-01 a       733     1     3     2     8
 -1.2715858642323763E-01 a       734     1     3     2     9
 -1.5737937810828992E-01 a       735     1     3     2    10
  1.8728941574658775E-01 a       736     1     3     2    11
 -2.4970239369237737E-01 a       737     1     3     2    12
 -2.8328503454907106E-01 a       738     1     3     2    13
  3.8593820633065651E-01 a       739     1     3     2    14
 -2.1167031651022239E-01 a       740     1     3     2    15
  1.9744075208918616E-01 a       741     1     3     2    16
 -4.4123442871342694E-01 a       742     1     3     2    17
 -1.2392856238037857E-01 a       743     1     3     2    18
 -1.3412670861450382E-01 a       744     1     3     2    19
  1.3646703672377103E-01 a       745     1     3     2    20
  1.0310472380973135E+00 a       746     1     3     2    21
 -4.1572193592507634E-01 a       747     1     3     2    22
  4.1317906186089598E-01 a       748     1     3     2    23
  2.7222813928935952E-01 a       749     1     3     2    24
  2.2107911682479478E-01 a       750     1     3     2    25
  4.7683160619489523E-01 a       751     1     4     2     1
 -5.1424955117765840E-02 a       752     1     4     2     2
  3.4429525947189177E-01 a       753     1     4     2     3
 -1.0467904874316766E-01 a       754     1     4     2     4
 -6.1017265956241917E-01 a       755     1     4     2     5
  1.3170131903633349E+00 a       756     1     4     2     6
  2.3875089873202828E-02 a       757     1     4     2     7
 -3.7963571584029361E-02 a       758     1     4     2     8
  1.8790209170031441E-01 a       759     1     4     2     9
  1.0696622721333275E-03 a       760     1     4     2    10
 -2.3420196858326139E-01 a       761     1     4     2    11
  2.5535690587188735E-02 a       762     1     4     2    12
  1.6742206230879450E-01 a       763     1     4     2    13
 -5.1308874872002352E-01 a       764     1     4     2    14
  2.7426908065437884E-02 a       765     1     4     2    15
  1.3561470868045171E+00 a       766     1     4     2    16
 -1.0136865350859106E+00 a       767     1     4     2    17
  3.2198709338633541E-01 a       768     1     4     2    18
 -1.5540771383209592E-01 a       769     1     4     2    19
  1.0531570167291751E+00 a       770     1     4     2    20
 -1.3472509556372290E+00 a       771     1     4     2    21
 -5.6085047718578396E-01 a       772     1     4     2    22
  2.0770992410007394E+00 a       773     1     4     2    23
  8.6386272303943301E-01 a       774     1     4     2    24
 -6.4910937423969228E-01 a       775     1     4     2    25
  8.1257197247647951E-03 a       776     1     5     2     1
 -1.9524046656522409E-01 a       777     1     5     2     2
 -3.9222406472864818E-01 a       778     1     5     2     3
 -1.5726589813052386E-01 a       779     1     5     2     4
  3.7094167477778456E-01 a       780     1     5     2     5
  3.9179196113712550E-01 a       781     1     5     2     6
  7.1773502819745916E-01 a       782     1     5     2     7
  9.7089054424656063E-01 a       783     1     5     2     8
  5.0167675807842371E-01 a       784     1     5     2     9
  5.9450153585462240E-01 a       785     1     5     2    10
 -1.0680045365227454E-01 a       786     1     5     2    11
 -1.3787945484329642E-01 a       787     1     5     2    12
 -9.3135414015792728E-02 a       788     1     5     2    13
  5.6855818294475002E-01 a       789     1     5     2    14
 -5.7875417130848850E-01 a       790     1     5     2    15
  1.0448374312446554E-01 a       791     1     5     2    16
  8.1860515491593489E-01 a       792     1     5     2    17
 -3.9451118592364598E-01 a       793     1     5     2    18
 -4.0822578766570405E-01 a       794     1     5     2    19
 -2.3330516758222794E-01 a       795     1     5     2    20
  5.4800727499259128E-01 a       796     1     5     2    21
 -1.7636658253613263E-01 a       797     1     5     2    22
 -3.1032853345096600E-01 a       798     1     5     2    23
  7.0909702930172513E-01 a       799     1     5     2    24
 -5.4327606282945262E-01 a       800     1     5     2    25
 -8.4856811446053268E-02 a       801     1     6     2     1
  5.7616690343871860E-02 a       802     1     6     2     2
 -2.6989194402030514E-01 a       803     1     6     2     3
  5.5724386348147970E-01 a       804     1     6     2     4
 -1.9736328261177108E-01 a       805     1     6     2     5
 -1.1754358829345950E-01 a       806     1     6     2     6
  6.6695388407536230E-03 a       807     1     6     2     7
  2.3893129053958612E-01 a       808     1     6     2     8
  3.5899792654498408E-01 a       809     1     6     2     9
  6.6047012535593780E-02 a       810     1     6     2    10
  2.2804325519693452E-01 a       811     1     6     2    11
  1.6748906507180933E-01 a       812     1     6     2    12
 -1.8526167670280605E-01 a       813     1     6     2    13
  2.4778082414695948E-01 a       814     1     6     2    14
 -4.2104735463462120E-02 a       815     1     6     2    15
  2.1203368044814108E-01 a       816     1     6     2    16
 -3.2605880012860425E-02 a       817     1     6     2    17
  4.0530034598960063E-01 a       818     1     6     2    18
  5.0503282485466694E-01 a       819     1     6     2    19
  9.2971823937065198E-02 a       820     1     6     2    20
  6.6498004338812611E-01 a       821     1     6     2    21
 -1.1153202133119239E-01 a       822     1     6     2    22
 -3.9826519674269784E-01 a       823     1     6     2    23
  1.4696690195054274E-01 a       824     1     6     2    24
  4.3841629539716875E-01 a       825     1     6     2    25
 -4.0224846636340023E-01 a       826     1     7     2     1
  1.1724927687852998E-01 a       827     1     7     2     2
  7.8050234855429923E-01 a       828     1     7     2     3
 -1.6799915488895187E-01 a       829     1     7     2     4
  4.6941592984290642E-01 a       830     1     7     2     5
 -3.5724607209723902E-01 a       831     1     7     2     6
 -7.1325943503116751E-01 a       832     1     7     2     7
  1.2571803635903560E+00 a       833     1     7     2     8
  4.5107681682407774E-01 a       834     1     7     2     9
  3.3788985783636455E-01 a       835     1     7     2    10
  2.7942622037633702E-01 a       836     1     7     2    11
 -4.8103348742258306E-01 a       837     1     7     2    12
 -1.2423717187945747E-01 a       838     1     7     2    13
  3.2817194417089557E-01 a       839     1     7     2    14
 -2.3906039712283308E-01 a       840     1     7     2    15
 -1.3999743580476991E-02 a       841     1     7     2    16
 -1.0420425932732913E-01 a       842     1     7     2    17
  1.8335651591922367E-01 a       843     1     7     2    18
  1.3186303690965201E-01 a       844     1     7     2    19
  2.5205580013162243E-01 a       845     1     7     2    20
 -7.2351299734471311E-02 a       846     1     7     2    21
  1.9508479780881260E-01 a       847     1     7     2    22
 -6.6578533600233336E-01 a       848     1     7     2    23
 -4.6840947280624323E-01 a       849     1     7     2    24
  5.1568420340827870E-01 a       850     1     7     2    25
 -1.7505505543614697E-01 a       851     1     8     2     1
  5.4134247820104753E-01 a       852     1     8     2     2
 -1.4489406139647470E-01 a       853     1     8     2     3
 -3.1018623342789969E-01 a       854     1     8     2     4
 -9.8706047053815374E-02 a       855     1     8     2     5
 -5.5301306646616055E-01 a       856     1     8     2     6
  9.8128146040166286E-02 a       857     1     8     2     7
 -2.7049269982916752E-01 a       858     1     8     2     8
  1.5238611442108047E-01 a       859     1     8     2     9
  5.9092714988262608E-02 a       860     1     8     2    10
 -3.7329541315225961E-01 a       861     1     8     2    11
 -5.3918564446791550E-01 a       862     1     8     2    12
  5.6998959655573300E-01 a       863     1     8     2    13
 -5.2314530808128479E-01 a       864     1     8     2    14
  1.5984934040733090E-01 a       865     1     8     2    15
  8.0544757273227319E-01 a       866     1     8     2    16
 -1.5172768637111422E-01 a       867     1     8     2    17
 -6.9414976764551084E-01 a       868     1     8     2    18
 -8.0313953024030404E-01 a       869     1     8     2    19
 -7.1548680408976739E-01 a       870     1     8     2    20
 -1.0895796011457726E+00 a       871     1     8     2    21
  3.4496130611004494E-01 a       872     1     8     2    22
 -2.8161592598178133E+00 a       873     1     8     2    23
  2.8831627134088217E-01 a       874     1     8     2    24
 -2.6495081664571285E-01 a       875     1     8     2    25
  2.0838005898302858E-01 a       876     1     9     2     1
 -2.0386815326057686E-01 a       877     1     9     2     2
 -9.3829093272795275E-02 a       878     1     9     2     3
  1.6390537731696983E-01 a       879     1     9     2     4
 -5.7903594875736486E-02 a       880     1     9     2     5
 -6.2248368376499295E-02 a       881     1     9     2     6
 -1.8535651990482491E-02 a       882     1     9     2     7
  1.8407879879019570E-01 a       883     1     9     2     8
 -3.1139224488027900E-01 a       884     1     9     2     9
  2.0458339535380071E-01 a       885     1     9     2    10
  1.3443439040087886E-02 a       886     1     9     2    11
  3.6897753481145429E-01 a       887     1     9     2    12
 -3.0504569869958847E-01 a       888     1     9     2    13
  2.7996240174906067E-01 a       889     1     9     2    14
  2.7595849284377449E-01 a       890     1     9     2    15
 -1.7711196245253527E-01 a       891     1     9     2    16
  2.1372528839487945E-01 a       892     1     9     2    17
 -3.1245759804850104E-01 a       893     1     9     2    18
 -2.5473948338528801E-01 a       894     1     9     2    19
  2.0029036153111204E-01 a       895     1     9     2    20
  4.6011925792227415E-01 a       896     1     9     2    21
 -4.3016337792627196E-01 a       897     1     9     2    22
  5.0796641416998811E-01 a       898     1     9     2    23
 -6.4855363461227578E-01 a       899     1     9     2    24
 -2.5686710365615300E-02 a       900     1     9     2    25
 -2.4744933435536628E-01 a       901     1    10     2     1
  4.4721288856393571E-01 a       902     1    10     2     2
  2.3457018978328756E-01 a       903     1    10     2     3
  5.4499942512097210E-01 a       904     1    10     2     4
  3.2164549512686602E-01 a       905     1    10     2     5
 -4.2634726281989210E-01 a       906     1    10     2     6
 -4.5560802037822118E-01 a       907     1    10     2     7
  1.4707486825978675E-01 a       908     1    10     2     8
 -5.5070324972151710E-02 a       909     1    10     2     9
 -8.6950472984356250E-02 a       910     1    10     2    10
 -9.7776542318511218E-03 a       911     1    10     2    11
 -1.4630335620138271E-01 a       912     1    10     2    12
 -4.0616764261501431E-01 a       913     1    10     2    13
  1.3836140400464894E-01 a       914     1    10     2    14
  1.6172271372350897E-01 a       915     1    10     2    15
  2.8492642491368497E-02 a       916     1    10     2    16
  1.8327503330198186E-01 a       917     1    10     2    17
 -4.7274320754726473E-01 a       918     1    10     2    18
 -6.0994508472320152E-01 a       919     1    10     2    19
 -3.0126783444301186E-01 a       920     1    10     2    20
  2.2948330609858356E-01 a       921     1    10     2    21
 -3.3372311581698938E-01 a       922     1    10     2    22
  3.6590888674657579E-01 a       923     1    10     2    23
  8.1904033359719175E-01 a       924     1    10     2    24
  2.6010461578734884E-01 a       925     1    10     2    25
 -3.4937530732315347E-01 a       926     1    11     2     1
  5.2197836054973537E-02 a       927     1    11     2     2
  2.5112791777788274E-01 a       928     1    11     2     3
 -1.6389854896549211E-01 a       929     1    11     2     4
  4.5840541756991743E-01 a       930     1    11     2     5
 -5.1922618743818205E-01 a       931     1    11     2     6
 -7.9619289821039452E-01 a       932     1    11     2     7
  7.5933899910263281E-01 a       933     1    11     2     8
  1.3080172759827288E-01 a       934     1    11     2     9
 -9.1156476673875231E-01 a       935     1    11     2    10
  1.5587045379375267E-01 a       936     1    11     2    11
  3.8711020003740698E-01 a       937     1    11     2    12
 -6.7399715964685927E-02 a       938     1    11     2    13
  1.8119512679959558E-02 a       939     1    11     2    14
 -1.3714790447407654E-01 a       940     1    11     2    15
  4.3126552858134143E-01 a       941     1    11     2    16
 -2.9922198503138281E-01 a       942     1    11     2    17
 -5.6762407808298575E-02 a       943     1    11     2    18
  5.0726664141122063E-02 a       944     1    11     2    19
  6.5777826053841115E-01 a       945     1    11     2    20
 -3.6483294905517705E-01 a       946     1    11     2    21
  6.2688039686911778E-02 a       947     1    11     2    22
 -4.5047189915910729E-01 a       948     1    11     2    23
 -7.6232950540275490E-01 a       949     1    11     2    24
  4.5312933433427471E-01 a       950     1    11     2    25
 -2.7404559461636406E-03 a       951     1    12     2     1
 -2.3468258862143762E-01 a       952     1    12     2     2
 -1.1535737030602275E-01 a       953     1    12     2     3
 -1.7548567645556673E-01 a       954     1    12     2     4
  2.0271394710153712E-01 a       955     1    12     2     5
 -2.6595697255901968E-01 a       956     1    12     2     6
 -6.7680066292391061E-01 a       957     1    12     2     7
 -1.1930692011741986E+00 a       958     1    12     2     8
 -2.3345260730345141E-01 a       959     1    12     2     9
  6.8124945296830774E-02 a       960     1    12     2    10
 -4.0208837039396924E-03 a       961     1    12     2    11
  4.1390438580268651E-01 a       962     1    12     2    12
 -2.2775927921219807E-01 a       963     1    12     2    13
 -3.3246842381795171E-02 a       964     1    12     2    14
 -1.9483413458981316E-01 a       965     1    12     2    15
 -9.7932564289608739E-02 a       966     1    12     2    16
  8.8866251235578253E-01 a       967     1    12     2    17
 -1.8880581205231478E-01 a       968     1    12     2    18
  1.9388635266539299E-02 a       969     1    12     2    19
 -3.2203288686171511E-01 a       970     1    12     2    20
  3.5475499064283605E-01 a       971     1    12     2    21
 -1.5191081549670672E-02 a       972     1    12     2    22
 -1.0589637418497739E+00 a       973     1    12     2    23
 -1.0631233743755155E+00 a       974     1    12     2    24
 -4.4372889010424643E-01 a       975     1    12     2    25
  2.8756466254168095E-01 a       976     1    13     2     1
  1.5313413187409738E-02 a       977     1    13     2     2
  2.7785362216513132E-01 a       978     1    13     2     3
 -4.9673114754607817E-01 a       979     1    13     2     4
 -4.9658145107857824E-03 a       980     1    13     2     5
 -2.2327300521521914E-01 a       981     1    13     2     6
  4.8819568305837868E-01 a       982     1    13     2     7
  2.6155016439253620E-01 a       983     1    13     2     8
 -3.8222390509018524E-02 a       984     1    13     2     9
 -6.0079385382710448E-01 a       985     1    13     2    10
  2.5914720331141505E-01 a       986     1    13     2    11
 -4.8121100695533120E-01 a       987     1    13     2    12
  4.4051067691103701E-01 a       988     1    13     2    13
 -7.1205503914665202E-01 a       989     1    13     2    14
  5.6394370478126496E-02 a       990     1    13     2    15
  4.9531731007308288E-01 a       991     1    13     2    16
 -1.0043056755939033E+00 a       992     1    13     2    17
  4.1270187279208687E-01 a       993     1    13     2    18
  3.8904465919407222E-01 a       994     1    13     2    19
  2.3564021312654415E-01 a       995     1    13     2    20
 -1.5993682542186418E+00 a       996     1    13     2    21
  3.1940510345805773E-01 a       997     1    13     2    22
 -3.3839056375043436E-01 a       998     1    13     2    23
  2.1662671951433649E-02 a       999     1    13     2    24
  6.6726600544265424E-01 a      1000     1    13     2    25
  2.7307517276358179E-01 a      1001     1    14     2     1
 -3.2185881761608387E-01 a      1002     1    14     2     2
 -3.7939810276306263E-01 a      1003     1    14     2     3
  1.8275706264828340E-01 a      1004     1    14     2     4
 -7.0984761587754353E-02 a      1005     1    14     2     5
  9.0061351166959999E-02 a      1006     1    14     2     6
  1.0195658554518419E+00 a      1007     1    14     2     7
 -1.7442698222035140E-02 a      1008     1    14     2     8
 -8.8006412787447655E-02 a      1009     1    14     2     9
 -4.9418638372632223E-01 a      1010     1    14     2    10
 -3.6675419516641677E-01 a      1011     1    14     2    11
 -1.2260042858090592E-01 a      1012     1    14     2    12
  2.1360375291703890E-01 a      1013     1    14     2    13
  3.9923629807435185E-01 a      1014     1    14     2    14
  1.6080835944831592E-01 a      1015     1    14     2    15
  6.5911533494370053E-02 a      1016     1    14     2    16
 -4.3247156773383127E-01 a      1017     1    14     2    17
  1.0969432610692836E-01 a      1018     1    14     2    18
  4.6358105831250114E-02 a      1019     1    14     2    19
 -2.9392517128047002E-01 a      1020     1    14     2    20
 -1.6034722823136024E-01 a      1021     1    14     2    21
 -2.4120232624200824E-01 a      1022     1    14     2    22
 -8.1227725480239391E-02 a      1023     1    14     2    23
 -4.2660788504489483E-01 a      1024     1    14     2    24
  3.9707491564777631E-01 a      1025     1    14     2    25
 -6.4058461506397282E-02 a      1026     1    15     2     1
  3.7595845771758629E-01 a      1027     1    15     2     2
 -9.2918815131509833E-02 a      1028     1    15     2     3
  2.9899198666945059E-01 a      1029     1    15     2     4
  2.0411459133176299E-01 a      1030     1    15     2     5
 -2.9556669550514669E-01 a      1031     1    15     2     6
 -4.2179663400925321E-01 a      1032     1    15     2     7
  1.9502640648132921E+00 a      1033     1    15     2     8
  5.5159976360779350E-01 a      1034     1    15     2     9
 -3.4202935491405217E-01 a      1035     1    15     2    10
 -7.9150899207865541E-02 a      1036     1    15     2    11
 -3.6645175896259258E-01 a      1037     1    15     2    12
 -1.1779940953139605E-01 a      1038     1    15     2    13
 -5.2631555565057608E-01 a      1039     1    15     2    14
  1.8899838079551642E-01 a      1040     1    15     2    15
  5.1335249081835982E-04 a      1041     1    15     2    16
  4.1400238767327163E-01 a      1042     1    15     2    17
 -5.7968106194173064E-01 a      1043     1    15     2    18
 -6.6389211107705037E-01 a      1044     1    15     2    19
  9.4486960890761485E-04 a      1045     1    15     2    20
 -1.7875280294453499E-01 a      1046     1    15     2    21
  1.5118204065598859E-01 a      1047     1    15     2    22
  7.9273420146017115E-01 a      1048     1    15     2    23
  1.3143437351191063E+00 a      1049     1    15     2    24
  1.3608243346744756E-01 a      1050     1    15     2    25
  1.6981506105822754E-02 a      1051     1    16     2     1
 -6.6673763538704130E-03 a      1052     1    16     2     2
  2.5934228296683276E-01 a      1053     1    16     2     3
  1.8148480634992351E-01 a      1054     1    16     2     4
  9.1684208274050907E-03 a      1055     1    16     2     5
 -5.4216475403756814E-01 a      1056     1    16     2     6
 -1.0033182737207134E+00 a      1057     1    16     2     7
 -1.1899540769808717E-01 a      1058     1    16     2     8
 -3.2930697793658703E-01 a      1059     1    16     2     9
  2.3790576866392946E-01 a      1060     1    16     2    10
  6.7193090136070499E-02 a      1061     1    16     2    11
  5.2951213400950869E-01 a      1062     1    16     2    12
 -4.9312189084533442E-01 a      1063     1    16     2    13
  5.0087696459957431E-01 a      1064     1    16     2    14
  2.5586489643037458E-01 a      1065     1    16     2    15
 -1.1209686273314536E-01 a      1066     1    16     2    16
 -4.5882552119778014E-01 a      1067     1    16     2    17
  4.1243828708809505E-01 a      1068     1    16     2    18
  3.4595519899783483E-01 a      1069     1    16     2    19
  1.0497222600436995E+00 a      1070     1    16     2    20
 -2.9227395165431747E-01 a      1071     1    16     2    21
 -1.7971720572992345E-01 a      1072     1    16     2    22
 -8.9130188539693689E-01 a      1073     1    16     2    23
 -1.0957778132109890E+00 a      1074     1    16     2    24
  6.3933025854485193E-01 a      1075     1    16     2    25
 -2.6915730107485897E-01 a      1076     1    17     2     1
  1.3232189090051262E-02 a      1077     1    17     2     2
  5.8686450933837386E-01 a      1078     1    17     2     3
 -3.2596781741255526E-01 a      1079     1    17     2     4
 -2.3912334228976601E-01 a      1080     1    17     2     5
  2.8041818103153682E-01 a      1081     1    17     2     6
 -4.5089055095423256E-02 a      1082     1    17     2     7
 -8.9753101823034298E-01 a      1083     1    17     2     8
 -3.7619570180563389E-02 a      1084     1    17     2     9
 -8.0225667245787224E-02 a      1085     1    17     2    10
  6.6112654217176207E-03 a      1086     1    17     2    11
  5.4087054805561907E-01 a      1087     1    17     2    12
 -9.0318413861272151E-02 a      1088     1    17     2    13
 -1.2077981010837692E-01 a      1089     1    17     2    14
 -5.3110052587032212E-02 a      1090     1    17     2    15
 -9.0504054134241885E-01 a      1091     1    17     2    16
 -1.3465702091092560E-01 a      1092     1    17     2    17
  2.7148540013537970E-01 a      1093     1    17     2    18
  1.6666729108948797E-01 a      1094     1    17     2    19
  2.8165530391455768E-01 a      1095     1    17     2    20
 -1.3281766484490684E-01 a      1096     1    17     2    21
  1.8103216300727074E-01 a      1097     1    17     2    22
  6.1918814117296117E-01 a      1098     1    17     2    23
 -4.8450586354103120E-01 a      1099     1    17     2    24
 -5.6875496172613205E-01 a      1100     1    17     2    25
 -4.2821807257341485E-02 a      1101     1    18     2     1
  4.1967459493754286E-02 a      1102     1    18     2     2
  2.2025097476366545E-01 a      1103     1    18     2     3
  4.4877421974178031E-02 a      1104     1    18     2     4
  3.5315846269903950E-01 a      1105     1    18     2     5
  4.5389849964798090E-01 a      1106     1    18     2     6
 -5.9217109679186741E-01 a      1107     1    18     2     7
  1.2672510886468671E-01 a      1108     1    18     2     8
  4.5279461386780945E-01 a      1109     1    18     2     9
 -3.0620711375900173E-01 a      1110     1    18     2    10
  1.6455981227791055E-02 a      1111     1    18     2    11
  1.9645820494686411E-01 a      1112     1    18     2    12
 -4.8095332370217841E-01 a      1113     1    18     2    13
 -3.6892045221445141E-01 a      1114     1    18     2    14
 -1.7266659864268993E-01 a      1115     1    18     2    15
 -3.5000862028583452E-01 a      1116     1    18     2    16
 -2.6329959776057488E-01 a      1117     1    18     2    17
 -7.1657801962625903E-02 a      1118     1    18     2    18
  3.0620628010340875E-03 a      1119     1    18     2    19
  1.5188631510747197E-01 a      1120     1    18     2    20
  6.3195542596074161E-01 a      1121     1    18     2    21
 -9.6145366297067478E-02 a      1122     1    18     2    22
  3.9965484318191369E-01 a      1123     1    18     2    23
 -3.5870182328820423E-02 a      1124     1    18     2    24
 -1.0239885650889043E-01 a      1125     1    18     2    25
  7.9254767296476916E-02 a      1126     1    19     2     1
  1.3224965138753075E-01 a      1127     1    19     2     2
  3.9470142947880267E-02 a      1128     1    19     2     3
 -2.0194841077895520E-01 a      1129     1    19     2     4
 -9.5556089116621279E-02 a      1130     1    19     2     5
 -4.9393071848220038E-01 a      1131     1    19     2     6
 -3.7406864797202516E-01 a      1132     1    19     2     7
 -3.4509815335322452E-01 a      1133     1    19     2     8
 -6.9570235059692329E-02 a      1134     1    19     2     9
  5.1499352474215754E-01 a      1135     1    19     2    10
 -5.8803095825998172E-02 a      1136     1    19     2    11
 -1.1273841986093805E-01 a      1137     1    19     2    12
  3.1112330278700595E-01 a      1138     1    19     2    13
  2.5950507251669008E-01 a      1139     1    19     2    14
  5.2521039063020622E-02 a      1140     1    19     2    15
  5.7066215365132222E-01 a      1141     1    19     2    16
  4.7240968639718089E-01 a      1142     1    19     2    17
 -3.1590550165103359E-01 a      1143     1    19     2    18
 -3.1808235525964851E-01 a      1144     1    19     2    19
 -1.5636722430809277E-01 a      1145     1    19     2    20
 -4.2953150739099760E-01 a      1146     1    19     2    21
  1.4950722224239621E-01 a      1147     1    19     2    22
 -5.5585210479052150E-01 a      1148     1    19     2    23
 -2.1331489251659130E-01 a      1149     1    19     2    24
  1.6983368335694404E-01 a      1150     1    19     2    25
 -2.0861343398201185E-01 a      1151     1    20     2     1
  1.4882847283596837E-01 a      1152     1    20     2     2
  1.8113637007980388E-01 a      1153     1    20     2     3
 -9.7853162165387836E-02 a      1154     1    20     2     4
 -1.2448724005482188E-01 a      1155     1    20     2     5
 -2.6471073104635617E-01 a      1156     1    20     2     6
 -4.7178734153262639E-02 a      1157     1    20     2     7
 -4.6682783361400228E-02 a      1158     1    20     2     8
  7.1907386658919104E-02 a      1159     1    20     2     9
  1.6522350259201257E-01 a      1160     1    20     2    10
  6.1048634673803941E-02 a      1161     1    20     2    11
 -3.1881686865184683E-01 a      1162     1    20     2    12
  5.8228629305923973E-01 a      1163     1    20     2    13
 -5.6716654109350906E-01 a      1164     1    20     2    14
  1.8297296082565970E-01 a      1165     1    20     2    15
 -4.9437341634777747E-03 a      1166     1    20     2    16
 -1.3779767341642041E-01 a      1167     1    20     2    17
  3.5934402044608023E-02 a      1168     1    20     2    18
  6.6885181423893228E-02 a      1169     1    20     2    19
 -4.7240390403290128E-01 a      1170     1    20     2    20
 -1.4009351946684917E-01 a      1171     1    20     2    21
  2.4858865435601590E-01 a      1172     1    20     2    22
 -4.4165717864133237E-02 a      1173     1    20     2    23
 -2.4336232785935424E-01 a      1174     1    20     2    24
 -1.8247775531925628E-01 a      1175     1    20     2    25
 -5.4992186192441894E-02 a      1176     1    21     2     1
 -1.3755094649262681E-01 a      1177     1    21     2     2
  5.5013910048000984E-02 a      1178     1    21     2     3
  2.5989986690557765E-01 a      1179     1    21     2     4
  1.8800152150895849E-01 a      1180     1    21     2     5
  3.0178380145221390E-01 a      1181     1    21     2     6
  5.0384603283136342E-01 a      1182     1    21     2     7
 -8.5731182133884504E-02 a      1183     1    21     2     8
  2.7861989664700748E-01 a      1184     1    21     2     9
 -6.7369245180171178E-01 a      1185     1    21     2    10
 -2.5420711306182488E-02 a      1186     1    21     2    11
  3.0684661528801397E-02 a      1187     1    21     2    12
 -6.1925412926501716E-03 a      1188     1    21     2    13
 -4.5457492180639381E-01 a      1189     1    21     2    14
  7.0232341733941023E-02 a      1190     1    21     2    15
  4.6761021991485191E-01 a      1191     1    21     2    16
 -4.8738936267400845E-01 a      1192     1    21     2    17
  9.7621737421516516E-02 a      1193     1    21     2    18
  6.6361555150494411E-02 a      1194     1    21     2    19
 -4.1651745082248665E-01 a      1195     1    21     2    20
  8.3401479854011903E-02 a      1196     1    21     2    21
 -9.3398534485048798E-02 a      1197     1    21     2    22
  2.3389104112596831E-01 a      1198     1    21     2    23
  2.7894589818378496E-01 a      1199     1    21     2    24
  1.4332692401673780E-01 a      1200     1    21     2    25
  2.1637721373330938E-02 a      1201     1    22     2     1
  1.1545537557292168E-01 a      1202     1    22     2     2
 -1.4885285523340279E-02 a      1203     1    22     2     3
  4.2239624248503593E-01 a      1204     1    22     2     4
  5.9239503841178980E-02 a      1205     1    22     2     5
 -1.2978262285217748E-01 a      1206     1    22     2     6
 -2.9206940223918532E-01 a      1207     1    22     2     7
 -2.3910793814936235E-01 a      1208     1    22     2     8
 -5.9660018244687918E-01 a      1209     1    22     2     9
  3.7963561442880944E-01 a      1210     1    22     2    10
  3.8505387871978783E-02 a      1211     1    22     2    11
 -2.2823832916251330E-01 a      1212     1    22     2    12
  1.3851731396773914E-01 a      1213     1    22     2    13
 -3.9723999555237744E-03 a      1214     1    22     2    14
 -3.1791530399840828E-01 a      1215     1    22     2    15
 -5.7681166036634168E-01 a      1216     1    22     2    16
 -1.8934883999302077E-01 a      1217     1    22     2    17
 -3.0645570966220237E-01 a      1218     1    22     2    18
 -1.5714983485004902E-01 a      1219     1    22     2    19
  5.5457328256213534E-01 a      1220     1    22     2    20
 -2.1291144437470300E-01 a      1221     1    22     2    21
 -3.3663710548561665E-01 a      1222     1    22     2    22
 -1.3460163319122895E+00 a      1223     1    22     2    23
 -2.0682123131228750E-01 a      1224     1    22     2    24
  5.4855458036430294E-01 a      1225     1    22     2    25
 -3.9520264780071662E-01 a      1226     1    23     2     1
 -2.3730814614192097E-01 a      1227     1    23     2     2
  3.4640397869955225E-01 a      1228     1    23     2     3
  1.1710584066880320E-02 a      1229     1    23     2     4
 -2.3880370948822172E-01 a      1230     1    23     2     5
  3.8018228321007735E-01 a      1231     1    23     2     6
  2.2552521876643250E-01 a      1232     1    23     2     7
 -6.7694531506410294E-01 a      1233     1    23     2     8
 -1.2539528520800666E-01 a      1234     1    23     2     9
 -7.4260078455929868E-01 a      1235     1    23     2    10
  1.7927789046558312E-01 a      1236     1    23     2    11
  1.6519859368773301E-01 a      1237     1    23     2    12
 -6.5989942553596512E-02 a      1238     1    23     2    13
 -4.0249468015495971E-01 a      1239     1    23     2    14
  3.4182195499612933E-01 a      1240     1    23     2    15
 -1.7680094347772390E-01 a      1241     1    23     2    16
 -2.1528383751361191E-01 a      1242     1    23     2    17
  2.3987828083678653E-01 a      1243     1    23     2    18
  1.6106100257453565E-01 a      1244     1    23     2    19
  1.5279043046586635E-01 a      1245     1    23     2    20
 -2.5521744200484209E-01 a      1246     1    23     2    21
  2.4202391114011379E-01 a      1247     1    23     2    22
  2.8006631996455950E-01 a      1248     1    23     2    23
 -4.1521575300618146E-01 a      1249     1    23     2    24
 -1.1696202575538982E-01 a      1250     1    23     2    25
  1.0029232349581441E-01 a      1251     1    24     2     1
  3.1795950508017377E-03 a      1252     1    24     2     2
  6.8293016953399302E-02 a      1253     1    24     2     3
 -3.0324595204173504E-02 a      1254     1    24     2     4
  1.0324916288251046E-01 a      1255     1    24     2     5
 -3.9034717234980082E-01 a      1256     1    24     2     6
 -2.4668733460962461E-01 a      1257     1    24     2     7
 -1.8334366117055376E-01 a      1258     1    24     2     8
 -3.0805064734605841E-01 a      1259     1    24     2     9
 -2.6253583248487944E-01 a      1260     1    24     2    10
  2.0902961397777400E-01 a      1261     1    24     2    11
  1.2260022404066065E-01 a      1262     1    24     2    12
  3.5699549968565175E-01 a      1263     1    24     2    13
 -2.1705322602413993E-01 a      1264     1    24     2    14
  9.7161004952033558E-02 a      1265     1    24     2    15
 -3.2379554281059192E-01 a      1266     1    24     2    16
  4.5745052326258367E-01 a      1267     1    24     2    17
  2.8995741867095949E-02 a      1268     1    24     2    18
  2.1693974596510174E-01 a      1269     1    24     2    19
 -3.0669763247764303E-01 a      1270     1    24     2    20
 -7.2115490210170874E-01 a      1271     1    24     2    21
  5.8553447196318342E-01 a      1272     1    24     2    22
 -4.5406004886339085E-01 a      1273     1    24     2    23
 -1.0191325366415485E+00 a      1274     1    24     2    24
  1.0364962436919886E-01 a      1275     1    24     2    25
  1.0880694027993988E-01 a      1276     1    25     2     1
  3.8406437816181187E-02 a      1277     1    25     2     2
 -2.4277603717133964E-01 a      1278     1    25     2     3
 -6.0361971592841224E-03 a      1279     1    25     2     4
  1.2337288649786024E-01 a      1280     1    25     2     5
 -2.1533226782823453E-01 a      1281     1    25     2     6
 -3.1547504910950858E-01 a      1282     1    25     2     7
  5.6720717638573878E-02 a      1283     1    25     2     8
  3.3621055035381747E-01 a      1284     1    25     2     9
 -4.9352058741588217E-01 a      1285     1    25     2    10
  3.2093146872862993E-02 a      1286     1    25     2    11
 -4.0127111557806000E-01 a      1287     1    25     2    12
 -8.7079269262572964E-02 a      1288     1    25     2    13
 -3.2468422460013763E-01 a      1289     1    25     2    14
  9.1440093672069553E-02 a      1290     1    25     2    15
  7.8172637576935688E-01 a      1291     1    25     2    16
 -2.8327514164938472E-01 a      1292     1    25     2    17
  1.7192646271565346E-01 a      1293     1    25     2    18
  1.7850866822878342E-01 a      1294     1    25     2    19
  1.5644567273061927E-01 a      1295     1    25     2    20
 -4.6402513320102068E-01 a      1296     1    25     2    21
 -1.1263741003445664E-01 a      1297     1    25     2    22
 -5.2012297482405823E-01 a      1298     1    25     2    23
 -1.9665852330601287E-02 a      1299     1    25     2    24
  6.0942795764195823E-01 a      1300     1    25     2    25
 -4.1400716644113839E-01 b      1301     2     1
  6.3730769046273983E-01 b      1302     2     2
 -1.6351623113109592E-01 b      1303     2     3
 -1.0648264957924734E-01 b      1304     2     4
 -2.9393663326005115E-01 b      1305     2     5
  7.7470261074829849E-01 b      1306     2     6
  3.4373161705729155E-01 b      1307     2     7
 -1.6020907189394068E-01 b      1308     2     8
 -2.4889438986519427E-01 b      1309     2     9
  1.5618471988481762E-02 b      1310     2    10
  6.2694866468099231E-01 b      1311     2    11
  3.0884070002487374E-01 b      1312     2    12
  3.1761065233149183E-01 b      1313     2    13
 -5.5832005359405290E-01 b      1314     2    14
  6.3471930573444954E-02 b      1315     2    15
  6.6770480280680533E-01 b      1316     2    16
 -4.0651851260808947E-01 b      1317     2    17
  1.7436602996103470E-01 b      1318     2    18
 -9.6769702732946883E-02 b      1319     2    19
  2.7633172464775538E-02 b      1320     2    20
 -6.4678365448177788E-01 b      1321     2    21
 -5.1144905593564927E-01 b      1322     2    22
  9.4824163359401525E-01 b      1323     2    23
  7.4457531996712512E-01 b      1324     2    24
 -2.8581370407710377E-01 b      1325     2    25
  8.2565540265372472E-01 a      1326     2     1     3     1
 -8.6689402071024546E-01 a      1327     2     2     3     1
  5.0582652522216387E-01 a      1328     2     3     3     1
  6.8669282495666839E-01 a      1329     2     4     3     1
 -4.5682855046022297E-01 a      1330     2     5     3     1
 -4.0036912685645609E-01 a      1331     2     6     3     1
  8.8016756943083529E-02 a      1332     2     7     3     1
 -8.8209068256820469E-03 a      1333     2     8     3     1
  1.7068768604991150E-01 a      1334     2     9     3     1
  2.0932790460039932E-01 a      1335     2    10     3     1
 -1.0288111812507512E+00 a      1336     2    11     3     1
 -7.3948109879316215E-01 a      1337     2    12     3     1
 -5.1131473636553515E-01 a      1338     2    13     3     1
 -1.8616461496540337E-01 a      1339     2    14     3     1
 -3.1512456816906476E-01 a      1340     2    15     3     1
  6.8477425222555358E-02 a      1341     2    16     3     1
 -1.3095863218536213E-01 a      1342     2    17     3     1
 -5.8603981232447810E-01 a      1343     2    18     3     1
  5.5494239980630722E-01 a      1344     2    19     3     1
  1.2203966667464024E-01 a      1345     2    20     3     1
 -9.7404344178102550E-02 a      1346     2    21     3     1
  4.5215622032340141E-01 a      1347     2    22     3     1
  5.7564839230547310E-02 a      1348     2    23     3     1
 -6.9914943301291443E-02 a      1349     2    24     3     1
 -3.4282603950854068E-01 a      1350     2    25     3     1
 -5.1687914116684719E-01 b      1351     3     1
