################################################################################
# Neural network connection values (weights and biases).
################################################################################
# Col  Name       Description
################################################################################
# 1    connection Neural network connection value.
# 2    t          Connection type (a = weight, b = bias).
# 3    index      Index enumerating weights.
# 4    l_s        Starting point layer (end point layer for biases).
# 5    n_s        Starting point neuron in starting layer (end point neuron for biases).
# 6    l_e        End point layer.
# 7    n_e        End point neuron in end layer.
################################################################################
#                      1 2         3     4     5     6     7
#             connection t     index   l_s   n_s   l_e   n_e
############################################################
 -1.8261404165018698E+00 a         1     0     1     1     1
  9.4117018867918900E-01 a         2     0     1     1     2
  7.2419104237286858E-01 a         3     0     1     1     3
 -5.2610217936625869E-01 a         4     0     1     1     4
  1.4748871126064555E-02 a         5     0     1     1     5
  9.3050283385533419E+00 a         6     0     1     1     6
 -3.8830771590541940E-01 a         7     0     1     1     7
 -1.2536253684598024E+00 a         8     0     1     1     8
 -1.7207423615422603E+00 a         9     0     1     1     9
  1.1509750473941533E+00 a        10     0     1     1    10
 -1.1863732770661530E+00 a        11     0     1     1    11
  2.1192283721681031E+00 a        12     0     1     1    12
 -1.8002284273035942E+00 a        13     0     1     1    13
  3.9668433723785973E-01 a        14     0     1     1    14
 -9.9813283564581390E-01 a        15     0     1     1    15
  1.5900105951633383E+00 a        16     0     1     1    16
  2.9892768685072313E-01 a        17     0     1     1    17
 -1.7465788669859216E-02 a        18     0     1     1    18
  2.7194312554710381E-01 a        19     0     1     1    19
  2.5351083928535005E+00 a        20     0     1     1    20
 -3.0911094639296501E+00 a        21     0     1     1    21
  2.0394091923931570E+00 a        22     0     1     1    22
  1.1097145074370409E+00 a        23     0     1     1    23
  2.5668633689326460E-02 a        24     0     1     1    24
  2.9623209985354753E+00 a        25     0     1     1    25
 -1.7342964484036341E-01 a        26     0     2     1     1
 -8.8478251987674228E-01 a        27     0     2     1     2
 -2.6234860652224951E-01 a        28     0     2     1     3
 -1.7828509519546848E-01 a        29     0     2     1     4
 -6.5301256167180277E-01 a        30     0     2     1     5
 -1.9982726903608548E+00 a        31     0     2     1     6
 -5.9958176834053384E-02 a        32     0     2     1     7
 -1.7415703667701524E-01 a        33     0     2     1     8
 -6.0997264202568258E-01 a        34     0     2     1     9
  1.0449192103902363E+00 a        35     0     2     1    10
  9.2514321019619011E-02 a        36     0     2     1    11
 -8.5248750767428286E-03 a        37     0     2     1    12
 -4.3991670500479446E-01 a        38     0     2     1    13
 -5.3201069671904222E-01 a        39     0     2     1    14
 -2.9264705933086427E-01 a        40     0     2     1    15
 -7.5684207787246849E-01 a        41     0     2     1    16
 -1.3117600269879218E-01 a        42     0     2     1    17
  2.3293086168057708E-01 a        43     0     2     1    18
  4.3673843836707200E-02 a        44     0     2     1    19
 -4.9975553102540587E-01 a        45     0     2     1    20
  6.8129140015169531E-01 a        46     0     2     1    21
  2.3238418015224568E-01 a        47     0     2     1    22
  4.7816319151781850E-01 a        48     0     2     1    23
  3.5916360878463699E-01 a        49     0     2     1    24
 -1.2780299166367197E+00 a        50     0     2     1    25
  8.9797994030207462E-01 a        51     0     3     1     1
 -1.9397764650615896E+00 a        52     0     3     1     2
 -6.7846122171073009E-01 a        53     0     3     1     3
  4.5290422525711282E-01 a        54     0     3     1     4
 -6.3536357030927648E-01 a        55     0     3     1     5
 -7.3348168334511801E+00 a        56     0     3     1     6
  2.1714780732692579E-01 a        57     0     3     1     7
  3.0553698426939357E-01 a        58     0     3     1     8
  7.0362655445447986E-01 a        59     0     3     1     9
  8.9597786831596427E-01 a        60     0     3     1    10
  3.6346850248529822E-01 a        61     0     3     1    11
 -4.5009788067777595E-01 a        62     0     3     1    12
  2.7626936567943455E-01 a        63     0     3     1    13
 -1.6530852014861835E-01 a        64     0     3     1    14
  5.4593699768490611E-01 a        65     0     3     1    15
 -1.5695606763170660E+00 a        66     0     3     1    16
  1.5287837699810933E-01 a        67     0     3     1    17
  5.9677558521181828E-01 a        68     0     3     1    18
  1.1274094283232017E-01 a        69     0     3     1    19
 -2.0800184334390508E+00 a        70     0     3     1    20
  2.1770966421514473E+00 a        71     0     3     1    21
 -9.8224809357151166E-01 a        72     0     3     1    22
  5.0532331856461654E-01 a        73     0     3     1    23
  1.8631835201331973E-01 a        74     0     3     1    24
 -3.1691585589231965E+00 a        75     0     3     1    25
  1.9682638496211911E+00 a        76     0     4     1     1
  5.2257658013531905E-01 a        77     0     4     1     2
 -2.4962545865466872E+00 a        78     0     4     1     3
  3.3647955979407540E-01 a        79     0     4     1     4
  1.1973912985832266E-01 a        80     0     4     1     5
 -5.2370010370465998E+00 a        81     0     4     1     6
  7.1729778762872221E-01 a        82     0     4     1     7
  2.2432134853048571E+00 a        83     0     4     1     8
  3.1015934952422142E+00 a        84     0     4     1     9
 -3.1559437800921262E+00 a        85     0     4     1    10
 -1.7946820618516883E+00 a        86     0     4     1    11
 -4.8465495629743209E+00 a        87     0     4     1    12
  1.4215413896329954E+00 a        88     0     4     1    13
  7.9645533932973162E-02 a        89     0     4     1    14
  7.6672371130698391E-01 a        90     0     4     1    15
  8.0476755944092621E-02 a        91     0     4     1    16
 -1.6285403600822494E+00 a        92     0     4     1    17
 -2.3448411819466480E-01 a        93     0     4     1    18
 -1.4659112799449872E-01 a        94     0     4     1    19
 -1.7758992662037136E+00 a        95     0     4     1    20
  1.3734596586948438E+00 a        96     0     4     1    21
 -3.4350349374598941E+00 a        97     0     4     1    22
 -1.4718523659627594E+00 a        98     0     4     1    23
 -1.3057034575435975E+00 a        99     0     4     1    24
  1.0211281696236267E+00 a       100     0     4     1    25
 -1.1036486953736153E+00 a       101     0     5     1     1
  2.5496873525940331E+00 a       102     0     5     1     2
  6.1351973419654271E-01 a       103     0     5     1     3
 -1.6304175705278626E-01 a       104     0     5     1     4
  3.8885800423727895E-01 a       105     0     5     1     5
  6.9603728005421281E+00 a       106     0     5     1     6
 -6.8496864954489145E-01 a       107     0     5     1     7
 -1.2906947640595172E+00 a       108     0     5     1     8
 -2.4100019903093379E+00 a       109     0     5     1     9
 -1.2036903816477609E+00 a       110     0     5     1    10
  2.6012450671922895E-02 a       111     0     5     1    11
  4.6889512384817982E+00 a       112     0     5     1    12
  1.3563962166202741E+00 a       113     0     5     1    13
  1.0986099061182006E+00 a       114     0     5     1    14
 -1.5332349292907759E+00 a       115     0     5     1    15
  2.0520133564032292E+00 a       116     0     5     1    16
  3.3633576483209264E+00 a       117     0     5     1    17
  1.7615077991913797E+00 a       118     0     5     1    18
 -1.2674648980101793E+00 a       119     0     5     1    19
  3.2510573509700222E+00 a       120     0     5     1    20
  1.6372993382917946E+00 a       121     0     5     1    21
  3.2666545999095273E+00 a       122     0     5     1    22
  1.1126629064633102E+00 a       123     0     5     1    23
 -1.3398623166794612E+00 a       124     0     5     1    24
  1.3971104871497535E+00 a       125     0     5     1    25
  2.9999622108031748E-01 a       126     0     6     1     1
 -1.6503764196337407E+00 a       127     0     6     1     2
  6.4402542532991613E-01 a       128     0     6     1     3
 -2.2933733697581890E-01 a       129     0     6     1     4
 -4.2033125980871527E-01 a       130     0     6     1     5
 -2.9359682597352483E+00 a       131     0     6     1     6
  5.5200306339676530E-01 a       132     0     6     1     7
  6.1651924805554492E-01 a       133     0     6     1     8
  3.4344610740076675E-01 a       134     0     6     1     9
  2.1128977367013282E+00 a       135     0     6     1    10
  1.1909334038845940E+00 a       136     0     6     1    11
 -1.4241101984523461E+00 a       137     0     6     1    12
 -1.1789790843480432E+00 a       138     0     6     1    13
 -4.0578542797153155E-01 a       139     0     6     1    14
  8.2234328663638379E-01 a       140     0     6     1    15
 -1.2113269507218158E+00 a       141     0     6     1    16
 -1.5849923658700145E+00 a       142     0     6     1    17
 -1.7215103721794347E+00 a       143     0     6     1    18
  8.1472870290939836E-01 a       144     0     6     1    19
 -1.7857514208065166E+00 a       145     0     6     1    20
 -2.2019195338146078E+00 a       146     0     6     1    21
 -1.7575567698760899E-01 a       147     0     6     1    22
 -1.4781515545123041E+00 a       148     0     6     1    23
  1.4983471145782497E+00 a       149     0     6     1    24
 -9.0497843161663294E-01 a       150     0     6     1    25
  9.1145641350224169E-02 a       151     0     7     1     1
  3.0865868575037342E-01 a       152     0     7     1     2
 -2.9051724224164138E-01 a       153     0     7     1     3
  3.6449627195431161E-01 a       154     0     7     1     4
  1.3346029750754268E-01 a       155     0     7     1     5
  5.9985212850277114E-01 a       156     0     7     1     6
 -3.8729930731780748E-01 a       157     0     7     1     7
 -1.4754715705469437E-01 a       158     0     7     1     8
  8.0360137413785865E-02 a       159     0     7     1     9
 -7.7615792415834750E-01 a       160     0     7     1    10
 -2.4040298759014739E-01 a       161     0     7     1    11
  2.2977650350990150E-01 a       162     0     7     1    12
  4.0319542394880109E-01 a       163     0     7     1    13
 -5.4807670634913166E-02 a       164     0     7     1    14
 -4.4790516739440078E-01 a       165     0     7     1    15
  1.6423757426205979E-01 a       166     0     7     1    16
  6.7430542598974727E-02 a       167     0     7     1    17
  4.9530981010111519E-01 a       168     0     7     1    18
 -1.4678261748093264E-02 a       169     0     7     1    19
  3.0700519074907617E-01 a       170     0     7     1    20
  6.2015731046415834E-01 a       171     0     7     1    21
 -2.4306696485595032E-02 a       172     0     7     1    22
 -6.4765597555644250E-03 a       173     0     7     1    23
 -5.2491270705377757E-01 a       174     0     7     1    24
  9.1763742501073470E-02 a       175     0     7     1    25
 -1.0755343872571019E-01 a       176     0     8     1     1
 -6.9703435775173267E-02 a       177     0     8     1     2
  4.8197741260343215E-02 a       178     0     8     1     3
 -1.5404460592144503E-01 a       179     0     8     1     4
  8.4070850072595765E-03 a       180     0     8     1     5
  2.5672875926656281E-02 a       181     0     8     1     6
  1.1680113827545623E-01 a       182     0     8     1     7
 -7.2383394278443106E-02 a       183     0     8     1     8
 -1.2141442670954318E-01 a       184     0     8     1     9
  2.7002411992629406E-02 a       185     0     8     1    10
 -9.2946215909127331E-03 a       186     0     8     1    11
 -7.3720422044013828E-02 a       187     0     8     1    12
 -2.1865031728169702E-02 a       188     0     8     1    13
  5.3453298636910182E-03 a       189     0     8     1    14
  4.5471458354471299E-02 a       190     0     8     1    15
 -7.9417498277713106E-02 a       191     0     8     1    16
  2.9848425254337632E-02 a       192     0     8     1    17
 -1.6908069469263865E-02 a       193     0     8     1    18
 -8.0315132600268888E-02 a       194     0     8     1    19
  6.7625027843589661E-02 a       195     0     8     1    20
 -1.0251654830867052E-01 a       196     0     8     1    21
 -1.6377816234726766E-02 a       197     0     8     1    22
  4.7126489383448482E-02 a       198     0     8     1    23
  6.6317107406711859E-02 a       199     0     8     1    24
  5.4330557210524037E-02 a       200     0     8     1    25
  8.7957321876570627E-01 a       201     0     9     1     1
 -2.8939208311979991E-01 a       202     0     9     1     2
 -1.0228908137464980E+00 a       203     0     9     1     3
 -9.1197645349968035E-02 a       204     0     9     1     4
 -2.7012993356593762E-01 a       205     0     9     1     5
  1.8480556520625673E+00 a       206     0     9     1     6
  6.3339591582117327E-01 a       207     0     9     1     7
  3.0246302094682833E+00 a       208     0     9     1     8
 -3.7217544716849424E+00 a       209     0     9     1     9
 -5.9181070126045809E-01 a       210     0     9     1    10
  3.2091174939219747E-01 a       211     0     9     1    11
 -1.3892595966970653E+00 a       212     0     9     1    12
  2.1967515976946328E+00 a       213     0     9     1    13
 -3.0405119423229658E+00 a       214     0     9     1    14
  3.8643828647106393E-01 a       215     0     9     1    15
  1.4961676057154631E+00 a       216     0     9     1    16
 -1.7158239106821267E+00 a       217     0     9     1    17
  1.0674430976425018E+00 a       218     0     9     1    18
 -4.4001223162482578E-01 a       219     0     9     1    19
  3.8033259192289233E+00 a       220     0     9     1    20
 -7.1190716851736904E-02 a       221     0     9     1    21
  2.7039059543667747E+00 a       222     0     9     1    22
  2.8229343235878610E+00 a       223     0     9     1    23
 -2.5562192185863331E+00 a       224     0     9     1    24
  7.5116409947012819E-01 a       225     0     9     1    25
  1.4680745900613597E+00 a       226     0    10     1     1
 -3.9551198694293016E-01 a       227     0    10     1     2
  1.5163744584821870E+00 a       228     0    10     1     3
  3.9979546845228237E-01 a       229     0    10     1     4
 -1.0091220682443307E+00 a       230     0    10     1     5
 -5.3618447499250612E+00 a       231     0    10     1     6
  8.9476422894438870E-02 a       232     0    10     1     7
  1.0457478226749615E+00 a       233     0    10     1     8
  1.6764939113498345E-01 a       234     0    10     1     9
 -1.4836068657910334E-01 a       235     0    10     1    10
  6.1816000120004422E-01 a       236     0    10     1    11
  2.3708444195963119E+00 a       237     0    10     1    12
  1.3900227049068223E-01 a       238     0    10     1    13
  1.4699563828018929E+00 a       239     0    10     1    14
  1.3161273815264904E-01 a       240     0    10     1    15
 -1.5659079354132390E+00 a       241     0    10     1    16
  2.0357168077571601E+00 a       242     0    10     1    17
  1.3293247121818963E-01 a       243     0    10     1    18
  3.0181047574848879E-01 a       244     0    10     1    19
 -2.6440381196955167E+00 a       245     0    10     1    20
  2.2646870035493261E+00 a       246     0    10     1    21
 -3.3712814813787945E-01 a       247     0    10     1    22
 -4.4727713032798780E-02 a       248     0    10     1    23
  7.2565469625081180E-01 a       249     0    10     1    24
 -1.9709325067135517E+00 a       250     0    10     1    25
 -1.0395655591023760E+00 a       251     0    11     1     1
  2.5267064937753241E+00 a       252     0    11     1     2
  2.6731005165073181E+00 a       253     0    11     1     3
 -8.1788817836178096E-01 a       254     0    11     1     4
  2.0468423245530194E+00 a       255     0    11     1     5
  3.5346077940319094E+00 a       256     0    11     1     6
 -1.9423755044545122E-02 a       257     0    11     1     7
 -4.3166693523847268E+00 a       258     0    11     1     8
  3.8557600746858118E+00 a       259     0    11     1     9
 -4.1674877619628631E-01 a       260     0    11     1    10
 -9.0037232600489181E-01 a       261     0    11     1    11
 -2.9362143060829132E-01 a       262     0    11     1    12
 -1.1063063311831911E+00 a       263     0    11     1    13
  3.0802228219392025E+00 a       264     0    11     1    14
 -4.2504620700184642E-01 a       265     0    11     1    15
  8.4423828833809222E-02 a       266     0    11     1    16
  2.7002340508826195E+00 a       267     0    11     1    17
 -2.5542426913536747E+00 a       268     0    11     1    18
 -7.8689636058055057E-01 a       269     0    11     1    19
 -1.1802988495717350E+00 a       270     0    11     1    20
 -2.0488555090616820E-01 a       271     0    11     1    21
 -2.3300749546954522E+00 a       272     0    11     1    22
 -3.5811828136861550E+00 a       273     0    11     1    23
  2.0565302972685395E+00 a       274     0    11     1    24
  4.1023684484384155E+00 a       275     0    11     1    25
 -2.1635045115354936E+00 a       276     0    12     1     1
 -2.4027185243187702E-02 a       277     0    12     1     2
 -3.0097778804206690E+00 a       278     0    12     1     3
 -1.6807143112534817E+00 a       279     0    12     1     4
 -2.0696202668983458E-03 a       280     0    12     1     5
  6.8333668185307745E+00 a       281     0    12     1     6
 -1.3014575297312307E+00 a       282     0    12     1     7
 -3.5125714024908179E+00 a       283     0    12     1     8
  1.1040652993050157E+00 a       284     0    12     1     9
 -1.3970064921533627E+00 a       285     0    12     1    10
  3.6752214065452954E-01 a       286     0    12     1    11
  3.0438035044129910E+00 a       287     0    12     1    12
 -1.8583272154308956E+00 a       288     0    12     1    13
  3.5457109563256455E+00 a       289     0    12     1    14
 -2.4137232983893617E+00 a       290     0    12     1    15
 -6.4692738443360565E-01 a       291     0    12     1    16
 -1.4566745117826720E+00 a       292     0    12     1    17
 -3.4565249652384256E+00 a       293     0    12     1    18
 -1.9204905809601798E+00 a       294     0    12     1    19
 -3.0085923582206981E+00 a       295     0    12     1    20
 -2.7601817052634381E+00 a       296     0    12     1    21
 -9.9560574347331798E-01 a       297     0    12     1    22
 -3.7673951284188472E+00 a       298     0    12     1    23
  1.3183990431506905E+00 a       299     0    12     1    24
  2.0248610374899103E+00 a       300     0    12     1    25
  1.7285503873753539E-02 a       301     0    13     1     1
  1.5515676336415911E+00 a       302     0    13     1     2
 -2.2398233880889662E+00 a       303     0    13     1     3
  1.5969013768678395E-01 a       304     0    13     1     4
  2.7084243898005561E-01 a       305     0    13     1     5
 -7.7199580648218347E-01 a       306     0    13     1     6
  5.2689509434185589E-01 a       307     0    13     1     7
  2.5409281999204486E-01 a       308     0    13     1     8
  1.2823287823572900E+00 a       309     0    13     1     9
 -1.0315583508244842E-01 a       310     0    13     1    10
  3.6327910681473552E-01 a       311     0    13     1    11
 -3.0428990046824023E+00 a       312     0    13     1    12
  1.1205646335820692E-01 a       313     0    13     1    13
 -8.4686505169060389E-01 a       314     0    13     1    14
  6.6635647649975505E-01 a       315     0    13     1    15
  7.8781246846704844E-01 a       316     0    13     1    16
 -1.6563270476761989E+00 a       317     0    13     1    17
 -4.5904578622552615E-02 a       318     0    13     1    18
 -5.8491516121784193E-01 a       319     0    13     1    19
  8.4309275048679422E-01 a       320     0    13     1    20
 -1.7090506454654278E-02 a       321     0    13     1    21
 -2.4821695689582496E-01 a       322     0    13     1    22
 -8.6388050862077681E-01 a       323     0    13     1    23
  3.2668702035773750E-01 a       324     0    13     1    24
 -1.0762233091922080E+00 a       325     0    13     1    25
  3.1000854625601155E+00 a       326     0    14     1     1
  1.4426189347774201E+00 a       327     0    14     1     2
 -4.7240614014741400E-01 a       328     0    14     1     3
  2.2279518528061368E+00 a       329     0    14     1     4
 -6.5592106488172708E-01 a       330     0    14     1     5
 -1.1054977040139716E+01 a       331     0    14     1     6
  1.3857932352963589E+00 a       332     0    14     1     7
  4.4097019280548109E+00 a       333     0    14     1     8
  7.0413350761635929E-01 a       334     0    14     1     9
  1.2545105796499729E+00 a       335     0    14     1    10
  1.2768611130718099E+00 a       336     0    14     1    11
 -4.1828054253604501E+00 a       337     0    14     1    12
  1.7227525647710560E+00 a       338     0    14     1    13
 -3.0349894211635533E+00 a       339     0    14     1    14
  2.4215838524609357E+00 a       340     0    14     1    15
 -1.9755172985738917E-01 a       341     0    14     1    16
  5.6313598147265975E-01 a       342     0    14     1    17
  4.2390481846670305E+00 a       343     0    14     1    18
  7.3221372488649161E-01 a       344     0    14     1    19
  1.3990421894348126E+00 a       345     0    14     1    20
  4.8493597778985640E+00 a       346     0    14     1    21
  6.7947745596798115E-01 a       347     0    14     1    22
  2.8058430117938093E+00 a       348     0    14     1    23
 -8.5006872663962929E-01 a       349     0    14     1    24
 -6.7869911486597809E+00 a       350     0    14     1    25
 -1.5523803705646892E+00 a       351     0    15     1     1
 -1.1251517847878711E+00 a       352     0    15     1     2
  2.6701438746516217E+00 a       353     0    15     1     3
  2.3253053358833591E+00 a       354     0    15     1     4
  1.9828155675720454E+00 a       355     0    15     1     5
  3.0724153579958200E+00 a       356     0    15     1     6
 -2.1409969585174098E+00 a       357     0    15     1     7
 -9.9042628859252591E-01 a       358     0    15     1     8
 -4.1529962951834742E-01 a       359     0    15     1     9
 -5.4191597757368204E-01 a       360     0    15     1    10
 -9.2046508725642884E-01 a       361     0    15     1    11
 -6.3540261310657087E-01 a       362     0    15     1    12
 -2.1886187757247486E-01 a       363     0    15     1    13
 -3.0938004195392743E-01 a       364     0    15     1    14
  1.3456980103743614E+00 a       365     0    15     1    15
  2.2642691165965991E+00 a       366     0    15     1    16
 -1.4039596838239163E+00 a       367     0    15     1    17
  1.7950310706608122E-01 a       368     0    15     1    18
  9.0633320080035162E-01 a       369     0    15     1    19
  4.1861818663559708E-01 a       370     0    15     1    20
 -5.6942246115306610E+00 a       371     0    15     1    21
  1.9173460124979527E-01 a       372     0    15     1    22
  9.0240230418930001E-01 a       373     0    15     1    23
 -6.8659501343140739E-01 a       374     0    15     1    24
 -1.0081377396657660E+00 a       375     0    15     1    25
  1.7723860073899114E-01 a       376     0    16     1     1
 -1.0284139844212554E+00 a       377     0    16     1     2
  1.6956910933942165E-01 a       378     0    16     1     3
  3.6323165684363667E-02 a       379     0    16     1     4
 -1.1394186397475581E+00 a       380     0    16     1     5
 -2.2204420505510991E+00 a       381     0    16     1     6
 -4.4538103662136541E-01 a       382     0    16     1     7
  1.2096457225776156E+00 a       383     0    16     1     8
 -4.1712211999381840E-02 a       384     0    16     1     9
  6.1914229021846934E-01 a       385     0    16     1    10
 -1.6212964338008940E-02 a       386     0    16     1    11
  1.8188943948254241E+00 a       387     0    16     1    12
 -6.5780440399078088E-01 a       388     0    16     1    13
  2.9087536442683515E-01 a       389     0    16     1    14
  8.1251418196111924E-02 a       390     0    16     1    15
 -8.9690308535511576E-01 a       391     0    16     1    16
 -5.3571940637922999E-01 a       392     0    16     1    17
  7.0614853849730197E-01 a       393     0    16     1    18
  3.4939594055759843E-01 a       394     0    16     1    19
 -1.7242373229663635E+00 a       395     0    16     1    20
  1.5225811686377405E-01 a       396     0    16     1    21
 -3.1071235590660734E-01 a       397     0    16     1    22
  3.3995490967601116E-01 a       398     0    16     1    23
  1.8328218012470740E-01 a       399     0    16     1    24
 -2.0112469710212948E+00 a       400     0    16     1    25
  3.5458968032496674E-01 a       401     0    17     1     1
  5.7553973751640608E-01 a       402     0    17     1     2
 -3.7516416401124788E+00 a       403     0    17     1     3
 -2.0814700518552045E+00 a       404     0    17     1     4
 -7.9011788693242213E-01 a       405     0    17     1     5
 -3.5786042422291908E-01 a       406     0    17     1     6
  1.9114311676687876E+00 a       407     0    17     1     7
 -4.6227076635059400E-01 a       408     0    17     1     8
 -5.5036338623465873E-02 a       409     0    17     1     9
  1.0831236589374618E+00 a       410     0    17     1    10
  7.0935469130267426E-01 a       411     0    17     1    11
 -1.8520673776985426E+00 a       412     0    17     1    12
 -4.1547285313078575E-01 a       413     0    17     1    13
 -1.7110444602831651E+00 a       414     0    17     1    14
 -1.3797190923821285E+00 a       415     0    17     1    15
 -1.6772118980125301E+00 a       416     0    17     1    16
 -7.5596618029626639E-01 a       417     0    17     1    17
  9.9909458834743475E-02 a       418     0    17     1    18
 -5.4985872452058071E-01 a       419     0    17     1    19
  1.4013803087668844E+00 a       420     0    17     1    20
  3.6187766105599781E+00 a       421     0    17     1    21
 -5.6824173352155072E-01 a       422     0    17     1    22
 -2.2431298684820963E-01 a       423     0    17     1    23
  5.5997951479181240E-01 a       424     0    17     1    24
  7.6648720175364304E-01 a       425     0    17     1    25
 -2.7250345967951857E+00 a       426     0    18     1     1
 -3.2084926000634586E+00 a       427     0    18     1     2
  1.2844881946103764E-01 a       428     0    18     1     3
 -5.3431109316402436E-02 a       429     0    18     1     4
  1.6982705970461804E+00 a       430     0    18     1     5
 -5.1701295166298911E-01 a       431     0    18     1     6
 -9.1278381133626622E-03 a       432     0    18     1     7
 -3.5336273976753789E+00 a       433     0    18     1     8
 -1.9977618681055956E-01 a       434     0    18     1     9
 -4.4537868781739481E-01 a       435     0    18     1    10
  1.4731283087227942E+00 a       436     0    18     1    11
 -9.4490515877462600E-01 a       437     0    18     1    12
  1.1396006706072583E+00 a       438     0    18     1    13
 -4.0523598857748833E-01 a       439     0    18     1    14
 -5.1849762972345725E-01 a       440     0    18     1    15
 -9.0369285627872198E-01 a       441     0    18     1    16
 -5.5491305111749134E-01 a       442     0    18     1    17
 -1.2046447305663297E+00 a       443     0    18     1    18
 -7.9034708639614060E-01 a       444     0    18     1    19
  1.7776771167254890E+00 a       445     0    18     1    20
  2.5447607148974698E+00 a       446     0    18     1    21
 -1.6983491720025599E+00 a       447     0    18     1    22
 -1.1133762850906472E+00 a       448     0    18     1    23
 -1.0085207084126080E+00 a       449     0    18     1    24
  2.3775025889931118E+00 a       450     0    18     1    25
 -8.3261260635522438E-01 a       451     0    19     1     1
 -8.5283682257698346E-01 a       452     0    19     1     2
  2.0882200008147143E+00 a       453     0    19     1     3
 -2.6529388522851505E-01 a       454     0    19     1     4
  4.4432566769153736E-01 a       455     0    19     1     5
  2.3325139143640770E+00 a       456     0    19     1     6
 -7.1453802963392155E-01 a       457     0    19     1     7
 -1.3120819127265165E-01 a       458     0    19     1     8
 -1.2210265534915168E+00 a       459     0    19     1     9
 -2.6316892439866690E-01 a       460     0    19     1    10
 -3.9696359502763612E-01 a       461     0    19     1    11
  1.8492855132902954E+00 a       462     0    19     1    12
  4.1669701819500077E-01 a       463     0    19     1    13
 -1.2350178189993079E-01 a       464     0    19     1    14
 -5.8654293452079653E-01 a       465     0    19     1    15
  5.6855865186564414E-01 a       466     0    19     1    16
  1.4712114561950926E+00 a       467     0    19     1    17
 -5.0664411520830033E-01 a       468     0    19     1    18
  9.8979554632677436E-01 a       469     0    19     1    19
 -7.7033102830433062E-02 a       470     0    19     1    20
 -1.0104252039187214E+00 a       471     0    19     1    21
  5.9660023229321091E-01 a       472     0    19     1    22
  4.1514152275701649E-01 a       473     0    19     1    23
 -2.4095523251533199E-01 a       474     0    19     1    24
  2.4660151994491883E+00 a       475     0    19     1    25
  7.4123246449422275E-01 a       476     0    20     1     1
  1.2980871145255861E+00 a       477     0    20     1     2
  4.1545580881624167E+00 a       478     0    20     1     3
 -3.0121471255050236E-01 a       479     0    20     1     4
 -2.4835778433349273E-01 a       480     0    20     1     5
  6.0885082626837015E+00 a       481     0    20     1     6
 -1.7972603657093440E+00 a       482     0    20     1     7
  1.8744533914512462E+00 a       483     0    20     1     8
 -1.1368170323414042E+00 a       484     0    20     1     9
  9.8937230387929447E-03 a       485     0    20     1    10
 -3.1524960350787601E+00 a       486     0    20     1    11
  4.8551021591224544E+00 a       487     0    20     1    12
  2.0305282433877009E-01 a       488     0    20     1    13
  2.3999988449547957E-01 a       489     0    20     1    14
 -1.7517925729564382E-01 a       490     0    20     1    15
  2.0272645945779657E+00 a       491     0    20     1    16
  3.4985519712613455E+00 a       492     0    20     1    17
  1.5958631255011954E-01 a       493     0    20     1    18
  2.4061061560466968E+00 a       494     0    20     1    19
 -1.4635032481399746E+00 a       495     0    20     1    20
 -4.4881918785839705E+00 a       496     0    20     1    21
  1.6256806913773718E+00 a       497     0    20     1    22
  1.7425733399078893E+00 a       498     0    20     1    23
  4.7058266455395531E-01 a       499     0    20     1    24
  2.8705443498492826E+00 a       500     0    20     1    25
  1.1524420143906522E+00 a       501     0    21     1     1
 -2.2386375344067999E-01 a       502     0    21     1     2
 -1.4712782879229425E+00 a       503     0    21     1     3
 -3.7580369406492592E-01 a       504     0    21     1     4
 -2.0899067643139274E-01 a       505     0    21     1     5
  2.4584706134543093E+00 a       506     0    21     1     6
  3.4254403872939059E+00 a       507     0    21     1     7
  7.1893089673714137E+00 a       508     0    21     1     8
 -2.8236565871930877E+00 a       509     0    21     1     9
 -1.1636156429499536E+00 a       510     0    21     1    10
 -5.2519422064249988E-01 a       511     0    21     1    11
  5.2338214243883251E-04 a       512     0    21     1    12
 -3.6006521182590609E-02 a       513     0    21     1    13
  1.9464097162317802E+00 a       514     0    21     1    14
  1.3853502984015285E+00 a       515     0    21     1    15
  2.1585093679615519E+00 a       516     0    21     1    16
 -1.4794649205296369E+00 a       517     0    21     1    17
  3.0086327615223203E+00 a       518     0    21     1    18
  1.4575378926419087E+00 a       519     0    21     1    19
  4.8932097128267973E+00 a       520     0    21     1    20
 -2.4374486439323211E+00 a       521     0    21     1    21
  2.8516803881566150E-01 a       522     0    21     1    22
  1.6824612631023259E+00 a       523     0    21     1    23
 -3.1812893843527581E+00 a       524     0    21     1    24
  4.3271083567868768E-01 a       525     0    21     1    25
  1.3997049342036034E+00 a       526     0    22     1     1
 -3.9190829922879394E-01 a       527     0    22     1     2
 -1.5323359369998735E-02 a       528     0    22     1     3
  2.8913456169767848E-01 a       529     0    22     1     4
 -1.4662259747491768E+00 a       530     0    22     1     5
 -3.2011436124910890E+00 a       531     0    22     1     6
  4.7442010317679628E-01 a       532     0    22     1     7
  2.2172776816870212E+00 a       533     0    22     1     8
 -2.6593590760261548E-01 a       534     0    22     1     9
  8.3288662494113971E-02 a       535     0    22     1    10
  7.9727266279760933E-01 a       536     0    22     1    11
  1.1774582296512570E+00 a       537     0    22     1    12
 -8.3582476505280046E-01 a       538     0    22     1    13
  1.1786878372340783E+00 a       539     0    22     1    14
  2.6287933903340782E-01 a       540     0    22     1    15
 -1.0949851691619081E+00 a       541     0    22     1    16
 -3.3496734100427838E-01 a       542     0    22     1    17
  5.1788303335839891E-01 a       543     0    22     1    18
  4.8035714044557448E-01 a       544     0    22     1    19
 -1.3299555296682717E+00 a       545     0    22     1    20
  7.1791458269225528E-01 a       546     0    22     1    21
 -8.2496635710004873E-02 a       547     0    22     1    22
  2.8223758400026988E-01 a       548     0    22     1    23
  2.8707334717701899E-01 a       549     0    22     1    24
 -2.0872055273121273E+00 a       550     0    22     1    25
 -1.0760047076038206E+00 a       551     0    23     1     1
  7.2113589361908470E-01 a       552     0    23     1     2
 -6.3568280738068716E-01 a       553     0    23     1     3
  8.0180443111145783E-01 a       554     0    23     1     4
  4.7114556566891996E-01 a       555     0    23     1     5
 -2.1839376082664947E+00 a       556     0    23     1     6
 -2.6885392219398780E+00 a       557     0    23     1     7
 -8.4356317530557359E+00 a       558     0    23     1     8
  3.4031825795476025E+00 a       559     0    23     1     9
  1.7506939056910202E+00 a       560     0    23     1    10
  9.5511242023795417E-01 a       561     0    23     1    11
 -2.8524958796356099E+00 a       562     0    23     1    12
 -7.6072449306047152E-01 a       563     0    23     1    13
 -2.3256976726956959E+00 a       564     0    23     1    14
 -5.3455473669987075E-01 a       565     0    23     1    15
 -2.6673437773608333E+00 a       566     0    23     1    16
 -4.6005717897209636E-01 a       567     0    23     1    17
 -3.2311127540018689E+00 a       568     0    23     1    18
 -2.0854911886961509E+00 a       569     0    23     1    19
 -3.2981488731036870E+00 a       570     0    23     1    20
  2.0243934978507112E+00 a       571     0    23     1    21
 -7.1562114321373615E-01 a       572     0    23     1    22
 -1.2563038601618737E+00 a       573     0    23     1    23
  3.3091362426426056E+00 a       574     0    23     1    24
 -1.0053256776387580E+00 a       575     0    23     1    25
 -3.0659635188360468E-01 a       576     0    24     1     1
  6.5653264649641274E-02 a       577     0    24     1     2
 -2.0606855552658478E+00 a       578     0    24     1     3
 -1.5462819523962485E+00 a       579     0    24     1     4
  8.8027821379026661E-01 a       580     0    24     1     5
 -1.0551897888379163E+00 a       581     0    24     1     6
  9.0696662130354955E-01 a       582     0    24     1     7
 -2.1976208002856165E-01 a       583     0    24     1     8
  7.6634214166101977E-01 a       584     0    24     1     9
 -3.2758518536274606E-01 a       585     0    24     1    10
 -7.8256957068164668E-01 a       586     0    24     1    11
 -2.3700445858094490E+00 a       587     0    24     1    12
  2.3517875740410670E+00 a       588     0    24     1    13
 -2.1046756902079047E-01 a       589     0    24     1    14
  1.6622480465372327E+00 a       590     0    24     1    15
 -1.3203265972905967E-01 a       591     0    24     1    16
 -8.3333163364200102E-02 a       592     0    24     1    17
 -4.3425653440525147E-01 a       593     0    24     1    18
 -6.3360443678866873E-01 a       594     0    24     1    19
  2.8030291779703589E+00 a       595     0    24     1    20
  1.4899814126417588E+00 a       596     0    24     1    21
 -3.0647130517823318E-01 a       597     0    24     1    22
  1.5930896250297113E+00 a       598     0    24     1    23
 -8.0590711375176949E-01 a       599     0    24     1    24
 -1.4036071887505519E+00 a       600     0    24     1    25
  2.8842486464893835E-01 a       601     0    25     1     1
  1.8877413731761400E-01 a       602     0    25     1     2
  3.4154959939895244E+00 a       603     0    25     1     3
  2.6182242509616391E+00 a       604     0    25     1     4
 -1.5567296309091256E+00 a       605     0    25     1     5
  2.0342495111173968E+00 a       606     0    25     1     6
 -1.4702958781930462E+00 a       607     0    25     1     7
  3.9141936830654861E-01 a       608     0    25     1     8
 -1.3541806340201910E+00 a       609     0    25     1     9
 -9.3256071013737885E-01 a       610     0    25     1    10
  7.4839117025236268E-01 a       611     0    25     1    11
  3.9603969195703770E+00 a       612     0    25     1    12
 -3.5159133893532668E+00 a       613     0    25     1    13
  5.6754999069604939E-01 a       614     0    25     1    14
 -2.5977471070891025E+00 a       615     0    25     1    15
  6.3442396123999500E-01 a       616     0    25     1    16
  8.6346215428334427E-01 a       617     0    25     1    17
  1.2445569248741022E+00 a       618     0    25     1    18
  1.1839215050968923E+00 a       619     0    25     1    19
 -5.1025869906135268E+00 a       620     0    25     1    20
 -2.4144819348523683E+00 a       621     0    25     1    21
  4.6560891869329513E-03 a       622     0    25     1    22
 -1.9894915810287144E+00 a       623     0    25     1    23
  1.0446006558963374E+00 a       624     0    25     1    24
  2.8255229498429655E+00 a       625     0    25     1    25
 -3.3804876481560102E-02 a       626     0    26     1     1
 -1.2980288777729701E-01 a       627     0    26     1     2
 -1.5102682945751134E+00 a       628     0    26     1     3
 -1.1737170746018819E+00 a       629     0    26     1     4
  7.2295496274355386E-01 a       630     0    26     1     5
 -9.9049390137224758E-01 a       631     0    26     1     6
  6.2806206448662294E-01 a       632     0    26     1     7
 -1.5859358322537515E-01 a       633     0    26     1     8
  5.7282836359561284E-01 a       634     0    26     1     9
  1.0941660984009787E+00 a       635     0    26     1    10
 -8.5950217308988108E-02 a       636     0    26     1    11
 -1.6644733809886341E+00 a       637     0    26     1    12
  1.2752702555525945E+00 a       638     0    26     1    13
 -2.8819302093760452E-01 a       639     0    26     1    14
  1.0407816911686363E+00 a       640     0    26     1    15
 -3.9671074923393979E-01 a       641     0    26     1    16
 -5.6846783934560474E-01 a       642     0    26     1    17
 -8.0142479855763293E-01 a       643     0    26     1    18
 -6.0305626799854195E-01 a       644     0    26     1    19
  2.3814534799671843E+00 a       645     0    26     1    20
  1.0405387866093510E+00 a       646     0    26     1    21
  2.4499593688883420E-01 a       647     0    26     1    22
  5.6399444180161362E-01 a       648     0    26     1    23
 -3.2169772063892238E-01 a       649     0    26     1    24
 -1.3690622080434407E+00 a       650     0    26     1    25
  1.9195621114721667E-01 b       651     1     1
  1.0547414847224817E-01 b       652     1     2
  1.9912562179207072E-01 b       653     1     3
 -2.0534095080204287E-01 b       654     1     4
 -7.0142781277583499E-02 b       655     1     5
 -5.1591041280014648E-02 b       656     1     6
 -1.0069396422371672E-01 b       657     1     7
  3.4707256783834550E-01 b       658     1     8
 -1.6794353816945376E-01 b       659     1     9
 -9.8242300780109482E-02 b       660     1    10
  8.2684962714070762E-02 b       661     1    11
  3.2932169574714998E-01 b       662     1    12
 -1.5794542329215008E-02 b       663     1    13
 -2.9310352369325957E-02 b       664     1    14
  6.7660738567372090E-03 b       665     1    15
 -2.8921991358099380E-01 b       666     1    16
  1.4134897719264164E-01 b       667     1    17
 -1.0723357895781345E-01 b       668     1    18
 -8.7206911415575697E-02 b       669     1    19
  3.2856746090350594E-02 b       670     1    20
 -2.2757390807623351E-01 b       671     1    21
  7.3231474653849354E-02 b       672     1    22
 -2.8780677853348158E-01 b       673     1    23
  1.5026975721782995E-01 b       674     1    24
 -9.9061565759592490E-02 b       675     1    25
 -1.2415172310616793E+00 a       676     1     1     2     1
  2.6355223324995863E-01 a       677     1     1     2     2
  2.2693711961018809E-03 a       678     1     1     2     3
 -7.1483923504831171E-01 a       679     1     1     2     4
  3.6553468342384438E-01 a       680     1     1     2     5
  1.7543396743114370E-01 a       681     1     1     2     6
  9.5125801633196838E-02 a       682     1     1     2     7
  4.1163485393008570E-01 a       683     1     1     2     8
 -1.7321266747339836E-01 a       684     1     1     2     9
 -3.6801973487060863E-01 a       685     1     1     2    10
 -2.3548766903382961E-02 a       686     1     1     2    11
 -4.1376389500641253E-01 a       687     1     1     2    12
 -8.3744206199448634E-01 a       688     1     1     2    13
  2.9327437666401257E-01 a       689     1     1     2    14
 -2.0875712921839673E-01 a       690     1     1     2    15
  3.0411876387972103E-01 a       691     1     1     2    16
  1.4207296143226113E-02 a       692     1     1     2    17
 -1.5149977451788815E-01 a       693     1     1     2    18
 -3.9680384994810852E-01 a       694     1     1     2    19
  7.2528565392573285E-01 a       695     1     1     2    20
 -3.0365049854735904E-01 a       696     1     1     2    21
 -5.8839170804380281E-01 a       697     1     1     2    22
  1.0054827209047039E-01 a       698     1     1     2    23
 -7.9666201366894251E-01 a       699     1     1     2    24
 -2.5855468612083832E-01 a       700     1     1     2    25
  2.1225337219243672E+00 a       701     1     2     2     1
  7.3042038469484996E-02 a       702     1     2     2     2
 -1.9413709629194816E-02 a       703     1     2     2     3
  1.0936042277106521E+00 a       704     1     2     2     4
  4.3501255703180136E-01 a       705     1     2     2     5
  8.1105266745933846E-01 a       706     1     2     2     6
 -1.8558827367131880E-01 a       707     1     2     2     7
 -3.4116640525001357E-01 a       708     1     2     2     8
 -1.0183328136167178E+00 a       709     1     2     2     9
 -5.1115413515084429E-01 a       710     1     2     2    10
 -2.7883362283348451E-01 a       711     1     2     2    11
  7.6309952840135831E-01 a       712     1     2     2    12
 -2.9970859583169609E-02 a       713     1     2     2    13
 -3.3091044881730658E-01 a       714     1     2     2    14
 -7.0938717966478215E-01 a       715     1     2     2    15
  3.9590225778734674E-03 a       716     1     2     2    16
  2.7895301478050288E-01 a       717     1     2     2    17
  4.5792916782429510E-01 a       718     1     2     2    18
  6.3675598291782404E-02 a       719     1     2     2    19
  8.2828049419426952E-01 a       720     1     2     2    20
  4.1154134709455192E-01 a       721     1     2     2    21
  3.7302055607503332E-01 a       722     1     2     2    22
 -5.3535643654079712E-01 a       723     1     2     2    23
 -6.7137344763006394E-03 a       724     1     2     2    24
 -1.6366304070350554E-01 a       725     1     2     2    25
 -9.1827938994208994E-04 a       726     1     3     2     1
 -7.2883147488642608E-01 a       727     1     3     2     2
 -5.2877056148991471E-02 a       728     1     3     2     3
 -8.6971693267432704E-02 a       729     1     3     2     4
 -3.6229082881484759E-01 a       730     1     3     2     5
  1.8067263096080965E-01 a       731     1     3     2     6
 -2.0354435978601496E-01 a       732     1     3     2     7
  1.0732612453667034E+00 a       733     1     3     2     8
  3.7895621123061457E-01 a       734     1     3     2     9
  1.8907430740961909E-01 a       735     1     3     2    10
 -6.1958104048463125E-01 a       736     1     3     2    11
  3.3702034489154556E-02 a       737     1     3     2    12
 -3.7667431894549336E-01 a       738     1     3     2    13
 -2.0520386223138104E-01 a       739     1     3     2    14
  1.9760740070719311E-02 a       740     1     3     2    15
  7.6477341911292115E-02 a       741     1     3     2    16
  3.8327973465740883E-01 a       742     1     3     2    17
  6.0390598859058529E-02 a       743     1     3     2    18
  1.4613688993624287E-02 a       744     1     3     2    19
  2.9632894420146820E-02 a       745     1     3     2    20
 -1.3554982838112634E-01 a       746     1     3     2    21
  2.7514748410350093E-01 a       747     1     3     2    22
 -6.8756442111518423E-01 a       748     1     3     2    23
  2.1637107970643391E-01 a       749     1     3     2    24
  3.8114650122720517E-01 a       750     1     3     2    25
  2.9902743452695879E-01 a       751     1     4     2     1
 -8.0322343356951920E-01 a       752     1     4     2     2
  7.9267192705410117E-01 a       753     1     4     2     3
 -5.2114421314301707E-01 a       754     1     4     2     4
  7.2735297439085977E-01 a       755     1     4     2     5
 -5.0874005980990200E-01 a       756     1     4     2     6
  3.3710045300629071E-01 a       757     1     4     2     7
  7.9875818480327876E-01 a       758     1     4     2     8
  4.9201002937105731E-01 a       759     1     4     2     9
  2.7295654973850075E-01 a       760     1     4     2    10
 -1.2081066304209999E-01 a       761     1     4     2    11
 -2.5805455368852381E-01 a       762     1     4     2    12
  3.5153104988781314E-01 a       763     1     4     2    13
  3.6157378600831469E-01 a       764     1     4     2    14
 -1.0826095916257314E-01 a       765     1     4     2    15
 -2.3237355350537134E-01 a       766     1     4     2    16
 -1.2656062705645399E-01 a       767     1     4     2    17
  3.1496162071504175E-01 a       768     1     4     2    18
 -6.8271219521394569E-03 a       769     1     4     2    19
 -6.2842687281794207E-01 a       770     1     4     2    20
  2.3797432778847141E-01 a       771     1     4     2    21
  5.0869860011248658E-01 a       772     1     4     2    22
 -8.9482905848862718E-02 a       773     1     4     2    23
  7.2251694228553202E-03 a       774     1     4     2    24
 -4.1788251708743901E-01 a       775     1     4     2    25
 -6.7428463615287382E-01 a       776     1     5     2     1
  9.0205541209634432E-01 a       777     1     5     2     2
 -1.8105255082895516E-01 a       778     1     5     2     3
  1.3300959401587578E-01 a       779     1     5     2     4
  1.0611251961561324E-01 a       780     1     5     2     5
 -7.6234859528567664E-02 a       781     1     5     2     6
 -4.2408694936715802E-01 a       782     1     5     2     7
  2.2771249369006630E-01 a       783     1     5     2     8
  2.5911590944097995E-01 a       784     1     5     2     9
  3.5830973737603528E-01 a       785     1     5     2    10
  5.6839247282061522E-01 a       786     1     5     2    11
 -1.3767508496925365E-01 a       787     1     5     2    12
 -1.9891671445178002E-01 a       788     1     5     2    13
 -2.2837828614940309E-01 a       789     1     5     2    14
  4.9663311723887238E-01 a       790     1     5     2    15
  3.7747066147684333E-01 a       791     1     5     2    16
  3.6383512048917743E-03 a       792     1     5     2    17
 -2.4926354809034554E-01 a       793     1     5     2    18
 -2.7474060314155296E-01 a       794     1     5     2    19
  2.0864143392993612E-01 a       795     1     5     2    20
  1.8350496661342394E-01 a       796     1     5     2    21
  3.0441479206274003E-01 a       797     1     5     2    22
  4.8425121336730548E-01 a       798     1     5     2    23
  1.2315853147576996E+00 a       799     1     5     2    24
 -2.6386282790261445E-01 a       800     1     5     2    25
  5.3513229741582936E-02 a       801     1     6     2     1
 -8.8545632256071288E-02 a       802     1     6     2     2
  5.3548032862086559E-01 a       803     1     6     2     3
 -7.1660885298853161E-01 a       804     1     6     2     4
  2.5094733339905523E-01 a       805     1     6     2     5
  1.8860893412326030E+00 a       806     1     6     2     6
 -9.2576879578915958E-02 a       807     1     6     2     7
 -2.3627887815669469E-04 a       808     1     6     2     8
 -8.4169453431462149E-01 a       809     1     6     2     9
  7.3041794703203877E-02 a       810     1     6     2    10
  7.2336975651066726E-01 a       811     1     6     2    11
  1.3572616611785962E-01 a       812     1     6     2    12
  3.7847348401067660E-01 a       813     1     6     2    13
  1.2145916131651803E-01 a       814     1     6     2    14
 -1.0717184059307003E-01 a       815     1     6     2    15
 -1.2762631904911498E-01 a       816     1     6     2    16
  2.1645125070342522E-01 a       817     1     6     2    17
  3.3074584537472379E-01 a       818     1     6     2    18
  1.2455614070734351E-01 a       819     1     6     2    19
  2.6243882290216664E-01 a       820     1     6     2    20
 -1.6506530783050091E-01 a       821     1     6     2    21
  1.3030400578285675E+00 a       822     1     6     2    22
 -5.4581570837440041E-01 a       823     1     6     2    23
 -4.5252733712297094E-01 a       824     1     6     2    24
  2.5956526219849468E-01 a       825     1     6     2    25
 -6.8773281546791687E-01 a       826     1     7     2     1
  3.8346524760569135E-02 a       827     1     7     2     2
  8.4304012398556449E-01 a       828     1     7     2     3
 -1.0105353035372346E+00 a       829     1     7     2     4
  3.1219491687857226E-01 a       830     1     7     2     5
  1.7355349411709836E-01 a       831     1     7     2     6
  3.3317630287465688E-01 a       832     1     7     2     7
 -1.4472654401111054E-01 a       833     1     7     2     8
 -1.1900785080909969E-01 a       834     1     7     2     9
 -9.1630480265874970E-01 a       835     1     7     2    10
 -1.0227503476871262E+00 a       836     1     7     2    11
 -2.2629374625616519E-01 a       837     1     7     2    12
  7.9470978517777813E-01 a       838     1     7     2    13
  3.2364628280608032E-01 a       839     1     7     2    14
  6.8056511886108581E-03 a       840     1     7     2    15
 -3.7732830968829384E-01 a       841     1     7     2    16
 -5.6778453506262892E-03 a       842     1     7     2    17
  8.5645491824223416E-02 a       843     1     7     2    18
 -2.4601937027129947E-01 a       844     1     7     2    19
 -4.1380446997124315E-01 a       845     1     7     2    20
  3.1567879869174242E-01 a       846     1     7     2    21
 -9.7609157255863410E-01 a       847     1     7     2    22
 -2.4889301978551717E-01 a       848     1     7     2    23
 -4.2640581414123435E-01 a       849     1     7     2    24
 -4.3517298335898108E-01 a       850     1     7     2    25
 -4.4763570702307032E-01 a       851     1     8     2     1
  8.4452189675187272E-01 a       852     1     8     2     2
  6.6869765668433168E-01 a       853     1     8     2     3
  2.0643442744106066E-01 a       854     1     8     2     4
 -1.9845957134462794E-01 a       855     1     8     2     5
  1.3146662054945596E-01 a       856     1     8     2     6
  6.9504079168251146E-02 a       857     1     8     2     7
  3.4680559717615422E-01 a       858     1     8     2     8
 -3.8375548435445572E-01 a       859     1     8     2     9
 -1.4924805900248192E-01 a       860     1     8     2    10
  1.3535191815489184E-01 a       861     1     8     2    11
  5.4412036247616047E-01 a       862     1     8     2    12
 -4.2228236406375358E-01 a       863     1     8     2    13
 -9.2499176119010568E-02 a       864     1     8     2    14
 -1.2431979031190815E-01 a       865     1     8     2    15
 -4.4760790475813633E-02 a       866     1     8     2    16
  1.3266136545077545E-01 a       867     1     8     2    17
 -1.9480118091377724E-01 a       868     1     8     2    18
 -4.5405415899981910E-01 a       869     1     8     2    19
 -8.4963631697063224E-02 a       870     1     8     2    20
 -1.9471218150803718E-01 a       871     1     8     2    21
  4.9791432521673673E-02 a       872     1     8     2    22
  2.4358054613999716E-01 a       873     1     8     2    23
  1.9043066938985811E-01 a       874     1     8     2    24
 -2.5782066414235078E-01 a       875     1     8     2    25
  9.0218944291648909E-02 a       876     1     9     2     1
 -2.2007989220333132E-01 a       877     1     9     2     2
  1.1768170618779177E-01 a       878     1     9     2     3
  2.6605476381272741E-01 a       879     1     9     2     4
 -2.8712599285270968E-01 a       880     1     9     2     5
  1.5807037817577399E-01 a       881     1     9     2     6
 -1.6418164656837633E-01 a       882     1     9     2     7
  1.0187911047938981E-01 a       883     1     9     2     8
 -2.0923817284137936E-01 a       884     1     9     2     9
  6.8696578872046499E-01 a       885     1     9     2    10
 -1.5077986343042371E-01 a       886     1     9     2    11
 -1.2711135861328653E-03 a       887     1     9     2    12
  7.1322523791991527E-02 a       888     1     9     2    13
 -2.6129814731778261E-01 a       889     1     9     2    14
  3.2632839375029904E-01 a       890     1     9     2    15
  1.3074076919787841E-01 a       891     1     9     2    16
 -2.3644080415782012E-01 a       892     1     9     2    17
 -2.4072906357654158E-02 a       893     1     9     2    18
  3.3513141273753538E-01 a       894     1     9     2    19
 -2.0340408562215059E-01 a       895     1     9     2    20
 -9.0361445127412579E-02 a       896     1     9     2    21
 -3.6840470726976571E-01 a       897     1     9     2    22
 -2.3545589237686571E-01 a       898     1     9     2    23
  1.1580794688588808E-01 a       899     1     9     2    24
  1.8916253300740468E-01 a       900     1     9     2    25
  5.9204170211365903E-01 a       901     1    10     2     1
 -1.8117982685364775E-01 a       902     1    10     2     2
  2.4807387148488905E-01 a       903     1    10     2     3
  1.4949281242206930E-01 a       904     1    10     2     4
 -2.8762589518728293E-01 a       905     1    10     2     5
  1.0221523573641993E+00 a       906     1    10     2     6
  3.2066221250805757E-02 a       907     1    10     2     7
 -4.4129441297425642E-01 a       908     1    10     2     8
  3.1623635037545804E-02 a       909     1    10     2     9
 -2.4750060072111030E-01 a       910     1    10     2    10
  6.0353367127924284E-01 a       911     1    10     2    11
  9.2031549381197036E-02 a       912     1    10     2    12
  1.0032896140910055E+00 a       913     1    10     2    13
 -1.4384597257286702E-01 a       914     1    10     2    14
 -4.5682948750953578E-02 a       915     1    10     2    15
 -2.3895005907475195E-01 a       916     1    10     2    16
 -2.6999854167869886E-01 a       917     1    10     2    17
  1.3238853759835340E-01 a       918     1    10     2    18
  2.1442099058828440E-01 a       919     1    10     2    19
 -9.1118795523261342E-01 a       920     1    10     2    20
  9.0199992082809599E-02 a       921     1    10     2    21
  5.5086780895255338E-01 a       922     1    10     2    22
 -3.8816708698010467E-02 a       923     1    10     2    23
  9.7648191829147780E-03 a       924     1    10     2    24
 -1.1470677187348891E-01 a       925     1    10     2    25
  1.5751999632637481E-01 a       926     1    11     2     1
  4.3539682087401904E-01 a       927     1    11     2     2
 -6.4790020661912029E-01 a       928     1    11     2     3
  5.1014320400385316E-01 a       929     1    11     2     4
 -1.6934255392066569E-01 a       930     1    11     2     5
 -1.6991030502926654E+00 a       931     1    11     2     6
 -6.0708218208674614E-01 a       932     1    11     2     7
 -9.7314771980055407E-04 a       933     1    11     2     8
 -1.2502319031747755E-01 a       934     1    11     2     9
 -7.7032661964563398E-01 a       935     1    11     2    10
 -7.8231337368184183E-03 a       936     1    11     2    11
 -5.6596632579840260E-02 a       937     1    11     2    12
 -1.0701370624776847E+00 a       938     1    11     2    13
 -6.3963332076707388E-02 a       939     1    11     2    14
 -4.3782920359961286E-02 a       940     1    11     2    15
  3.2483581921992311E-01 a       941     1    11     2    16
 -5.8706768860310531E-02 a       942     1    11     2    17
 -2.4982879164809382E-01 a       943     1    11     2    18
 -2.0226179817532561E-01 a       944     1    11     2    19
  1.7308061360826629E-01 a       945     1    11     2    20
 -5.8360308419352858E-02 a       946     1    11     2    21
 -4.9408453432936600E-01 a       947     1    11     2    22
  2.2759312917000554E-01 a       948     1    11     2    23
  5.1635390548652571E-01 a       949     1    11     2    24
 -2.6718417997117078E-01 a       950     1    11     2    25
 -6.1200531964246156E-03 a       951     1    12     2     1
  4.2106841702550535E-01 a       952     1    12     2     2
 -1.5264492483371879E+00 a       953     1    12     2     3
  1.3158563656950509E-01 a       954     1    12     2     4
 -3.1540839402758525E-01 a       955     1    12     2     5
  6.9067390118462357E-02 a       956     1    12     2     6
 -1.7563623039418480E-01 a       957     1    12     2     7
 -2.0832732582017643E-01 a       958     1    12     2     8
 -1.0696690304039408E-01 a       959     1    12     2     9
  6.6056146697053175E-01 a       960     1    12     2    10
  5.2883857958161806E-01 a       961     1    12     2    11
 -2.0512318426652912E-01 a       962     1    12     2    12
 -2.9844340331763125E-01 a       963     1    12     2    13
 -3.1739010190708447E-02 a       964     1    12     2    14
  1.6737054017083647E-01 a       965     1    12     2    15
  4.2726831487167313E-02 a       966     1    12     2    16
  3.2799599682892322E-01 a       967     1    12     2    17
  4.1606865019168618E-02 a       968     1    12     2    18
 -1.2231480601229812E-01 a       969     1    12     2    19
 -2.5507418465471798E-01 a       970     1    12     2    20
 -2.2726236961145058E-01 a       971     1    12     2    21
  9.2724400558346531E-01 a       972     1    12     2    22
 -7.9726962115707389E-01 a       973     1    12     2    23
 -7.4789855961887453E-01 a       974     1    12     2    24
  1.3513452371867146E-01 a       975     1    12     2    25
  5.3602438614166537E-01 a       976     1    13     2     1
 -8.6074987626269650E-01 a       977     1    13     2     2
 -9.3242166478069863E-02 a       978     1    13     2     3
  2.4678256204971755E-01 a       979     1    13     2     4
 -5.1860179444507692E-01 a       980     1    13     2     5
  9.9652029653918384E-01 a       981     1    13     2     6
 -2.1691178841306377E-02 a       982     1    13     2     7
  2.2554760846829838E-01 a       983     1    13     2     8
  1.2191698327751943E+00 a       984     1    13     2     9
 -1.0626038715029758E-01 a       985     1    13     2    10
  1.4038059009298051E-01 a       986     1    13     2    11
 -7.7489961238741500E-01 a       987     1    13     2    12
  3.5526499128777189E-01 a       988     1    13     2    13
 -2.0470020779431999E-01 a       989     1    13     2    14
  3.1563866344876984E-01 a       990     1    13     2    15
 -8.1242118854021370E-02 a       991     1    13     2    16
 -4.0484837986017944E-02 a       992     1    13     2    17
  4.3943246755445656E-02 a       993     1    13     2    18
  1.6991696873121895E-01 a       994     1    13     2    19
  1.4136428641452545E-01 a       995     1    13     2    20
  1.3170310031568530E-01 a       996     1    13     2    21
 -1.2708004842239223E-01 a       997     1    13     2    22
 -3.1250408318605460E-01 a       998     1    13     2    23
  1.7584514746906121E-01 a       999     1    13     2    24
  4.1858424694869883E-01 a      1000     1    13     2    25
 -3.0082229197537148E-02 a      1001     1    14     2     1
 -8.3847710169057021E-01 a      1002     1    14     2     2
  3.7540817429149059E-01 a      1003     1    14     2     3
  2.7049884473671210E-01 a      1004     1    14     2     4
  6.4050577057433855E-01 a      1005     1    14     2     5
  6.9482764068126568E-01 a      1006     1    14     2     6
  1.1611783428076304E-02 a      1007     1    14     2     7
  4.0078091902050678E-01 a      1008     1    14     2     8
  7.0809951769179058E-01 a      1009     1    14     2     9
  8.4909662968322100E-02 a      1010     1    14     2    10
  1.6372598310751840E-01 a      1011     1    14     2    11
 -5.8499086236069853E-01 a      1012     1    14     2    12
 -3.1510899706438716E-01 a      1013     1    14     2    13
 -2.1992612185649613E-01 a      1014     1    14     2    14
  9.5598765878748757E-02 a      1015     1    14     2    15
  1.0881183230335977E-01 a      1016     1    14     2    16
  4.6442582997189885E-01 a      1017     1    14     2    17
  2.9792077029598629E-01 a      1018     1    14     2    18
 -1.1301475000363281E-01 a      1019     1    14     2    19
  4.3751395302997337E-01 a      1020     1    14     2    20
 -3.2930318626583815E-01 a      1021     1    14     2    21
 -7.4146561526036947E-01 a      1022     1    14     2    22
 -8.0104186314775172E-01 a      1023     1    14     2    23
 -5.0227697061139776E-01 a      1024     1    14     2    24
  1.7900503808223389E-01 a      1025     1    14     2    25
  3.5568213392557946E-02 a      1026     1    15     2     1
 -8.3800005961673385E-01 a      1027     1    15     2     2
 -4.8350189635590818E-01 a      1028     1    15     2     3
  3.8411692335284124E-02 a      1029     1    15     2     4
  1.7342752999670089E-01 a      1030     1    15     2     5
  3.1953594433182957E-02 a      1031     1    15     2     6
 -1.9763538260357084E-02 a      1032     1    15     2     7
  3.9669383649046519E-01 a      1033     1    15     2     8
  9.1383671311395298E-01 a      1034     1    15     2     9
 -4.5811781981226693E-02 a      1035     1    15     2    10
  3.0716587547073859E-01 a      1036     1    15     2    11
 -4.4022399655997485E-01 a      1037     1    15     2    12
 -5.2258199611508693E-01 a      1038     1    15     2    13
 -4.2875257779709464E-01 a      1039     1    15     2    14
  2.8681781730413386E-01 a      1040     1    15     2    15
 -1.7823335641566487E-01 a      1041     1    15     2    16
 -2.0830541501684632E-02 a      1042     1    15     2    17
 -5.2186284833655305E-01 a      1043     1    15     2    18
 -3.1962738340346641E-01 a      1044     1    15     2    19
  7.3725122415359212E-01 a      1045     1    15     2    20
  1.1348612000540835E-01 a      1046     1    15     2    21
 -1.0573788078156605E-02 a      1047     1    15     2    22
  5.9532793336733785E-03 a      1048     1    15     2    23
  2.4417750406744582E-01 a      1049     1    15     2    24
  1.7368598667227420E-01 a      1050     1    15     2    25
  6.0336996904441498E-01 a      1051     1    16     2     1
 -7.3394964873121016E-01 a      1052     1    16     2     2
  7.5535969172327999E-01 a      1053     1    16     2     3
  1.9698270723114544E-01 a      1054     1    16     2     4
  3.8021092900318004E-01 a      1055     1    16     2     5
  7.9085330183275404E-01 a      1056     1    16     2     6
 -7.2360378123334096E-02 a      1057     1    16     2     7
  1.3542394584124387E-01 a      1058     1    16     2     8
  4.1770306369716605E-02 a      1059     1    16     2     9
  5.3904070232754053E-01 a      1060     1    16     2    10
  5.9144543618180900E-01 a      1061     1    16     2    11
 -3.1690127950278235E-01 a      1062     1    16     2    12
  1.2218796126685416E-01 a      1063     1    16     2    13
 -7.7992039974048827E-02 a      1064     1    16     2    14
 -2.6822538791403416E-01 a      1065     1    16     2    15
 -1.7410607879798989E-01 a      1066     1    16     2    16
 -1.7892877282807251E-01 a      1067     1    16     2    17
  8.6905406492056592E-01 a      1068     1    16     2    18
 -2.6974601074767451E-01 a      1069     1    16     2    19
  8.4221714373939682E-01 a      1070     1    16     2    20
 -1.1746071659349201E-02 a      1071     1    16     2    21
  1.6059168878649790E+00 a      1072     1    16     2    22
  1.1642680755151950E-02 a      1073     1    16     2    23
 -7.0546252047100044E-01 a      1074     1    16     2    24
 -1.7767248727120583E-01 a      1075     1    16     2    25
 -1.1591712057405479E+00 a      1076     1    17     2     1
 -4.6522751011046659E-01 a      1077     1    17     2     2
  4.4989867427048319E-01 a      1078     1    17     2     3
 -4.8631494658630636E-01 a      1079     1    17     2     4
 -7.2695290412448643E-01 a      1080     1    17     2     5
 -4.7281358286894382E-01 a      1081     1    17     2     6
 -3.6138516541160605E-02 a      1082     1    17     2     7
  1.2179851550127614E+00 a      1083     1    17     2     8
  7.9742610688795201E-01 a      1084     1    17     2     9
  2.6143263033009845E-01 a      1085     1    17     2    10
 -1.7119198702504237E-01 a      1086     1    17     2    11
 -3.8259942800080121E-01 a      1087     1    17     2    12
 -6.9785034645939270E-01 a      1088     1    17     2    13
 -4.0744653312089191E-01 a      1089     1    17     2    14
  2.3457066764221876E-01 a      1090     1    17     2    15
 -3.4394566088807554E-01 a      1091     1    17     2    16
  1.9376498403158851E-01 a      1092     1    17     2    17
 -3.2141084932033459E-01 a      1093     1    17     2    18
 -4.5487170039092348E-02 a      1094     1    17     2    19
 -2.8052343154366516E-01 a      1095     1    17     2    20
 -1.5401034396744301E-01 a      1096     1    17     2    21
  2.3119433860919489E-01 a      1097     1    17     2    22
 -6.7329268642509743E-01 a      1098     1    17     2    23
  1.4392363590736704E-01 a      1099     1    17     2    24
 -1.5421595114609899E-02 a      1100     1    17     2    25
 -6.9623409638310305E-02 a      1101     1    18     2     1
  5.0742929802864767E-01 a      1102     1    18     2     2
 -7.6147311559532427E-01 a      1103     1    18     2     3
  2.1553212023931886E-01 a      1104     1    18     2     4
  1.8442586958912160E-01 a      1105     1    18     2     5
  1.0899169816349867E+00 a      1106     1    18     2     6
 -9.4206296631458422E-02 a      1107     1    18     2     7
  2.2797125758207695E-01 a      1108     1    18     2     8
 -4.8275015403032161E-02 a      1109     1    18     2     9
 -2.7029100112872156E-01 a      1110     1    18     2    10
  1.1778977709431520E+00 a      1111     1    18     2    11
 -1.9586133048732890E-01 a      1112     1    18     2    12
 -1.2436880660853851E+00 a      1113     1    18     2    13
 -1.9854967308866542E-01 a      1114     1    18     2    14
 -3.8632550790040548E-01 a      1115     1    18     2    15
 -2.7683501767783181E-01 a      1116     1    18     2    16
  1.9542690534549823E-01 a      1117     1    18     2    17
 -9.5668447619831690E-02 a      1118     1    18     2    18
 -5.1020610789100429E-01 a      1119     1    18     2    19
  2.1529924100413961E-01 a      1120     1    18     2    20
  8.2478395064167473E-02 a      1121     1    18     2    21
 -7.5927054063101385E-01 a      1122     1    18     2    22
  1.3790401907737873E-01 a      1123     1    18     2    23
  7.6452269496891789E-01 a      1124     1    18     2    24
 -8.9688322505484100E-02 a      1125     1    18     2    25
 -8.0990512395076139E-02 a      1126     1    19     2     1
 -3.0151179015226265E-01 a      1127     1    19     2     2
  6.1706586794574037E-01 a      1128     1    19     2     3
  3.9067425438836796E-02 a      1129     1    19     2     4
  2.1966962546860017E-01 a      1130     1    19     2     5
 -3.2288004513910079E-01 a      1131     1    19     2     6
 -6.8457418747027668E-02 a      1132     1    19     2     7
 -6.1307541919697683E-01 a      1133     1    19     2     8
 -5.2373375892950647E-01 a      1134     1    19     2     9
  1.7076522283566153E-02 a      1135     1    19     2    10
 -6.6507960405379229E-01 a      1136     1    19     2    11
  3.2336727582309066E-01 a      1137     1    19     2    12
  7.0594255359325742E-01 a      1138     1    19     2    13
 -5.1595119161743208E-01 a      1139     1    19     2    14
  1.9796710666385051E-01 a      1140     1    19     2    15
 -4.0583020939873116E-01 a      1141     1    19     2    16
 -7.2693661490442152E-02 a      1142     1    19     2    17
  3.2277745221532600E-01 a      1143     1    19     2    18
 -1.9599304421374369E-01 a      1144     1    19     2    19
 -4.7561463060662411E-02 a      1145     1    19     2    20
 -4.8986091140793067E-02 a      1146     1    19     2    21
 -4.6610267191608873E-01 a      1147     1    19     2    22
  7.2929448113105988E-01 a      1148     1    19     2    23
 -4.3941010175564155E-01 a      1149     1    19     2    24
  2.1581066597027826E-01 a      1150     1    19     2    25
  5.3071531495731417E-01 a      1151     1    20     2     1
 -1.0453910955549872E+00 a      1152     1    20     2     2
  7.6915848468843695E-01 a      1153     1    20     2     3
  9.1809136428504257E-01 a      1154     1    20     2     4
  6.2096916265558100E-01 a      1155     1    20     2     5
 -1.2055813746094797E+00 a      1156     1    20     2     6
 -3.4307809850841486E-01 a      1157     1    20     2     7
  6.3657266987436933E-01 a      1158     1    20     2     8
 -1.3439320074670100E-01 a      1159     1    20     2     9
  5.4944711086144604E-01 a      1160     1    20     2    10
 -6.3479054871624452E-01 a      1161     1    20     2    11
  5.0030262750595567E-01 a      1162     1    20     2    12
 -8.3685959520324282E-01 a      1163     1    20     2    13
 -5.8894745353526179E-01 a      1164     1    20     2    14
  1.0975660020692374E-01 a      1165     1    20     2    15
 -2.9338101830819080E-01 a      1166     1    20     2    16
 -5.2449852322889901E-01 a      1167     1    20     2    17
  9.5663351336950175E-01 a      1168     1    20     2    18
 -5.1466929759068247E-01 a      1169     1    20     2    19
 -3.4613919401910753E-01 a      1170     1    20     2    20
 -3.8695684710651872E-02 a      1171     1    20     2    21
 -5.6813054861486756E-01 a      1172     1    20     2    22
  6.4043083938434198E-01 a      1173     1    20     2    23
  1.3869613757296415E-01 a      1174     1    20     2    24
 -1.0445984906383986E-01 a      1175     1    20     2    25
 -7.5521378913875992E-01 a      1176     1    21     2     1
  1.5089163476445930E-01 a      1177     1    21     2     2
 -1.2818970964349279E+00 a      1178     1    21     2     3
  9.2468863972825055E-02 a      1179     1    21     2     4
 -9.1226786406374098E-03 a      1180     1    21     2     5
 -2.6335627746318346E+00 a      1181     1    21     2     6
 -2.4648742378182842E-01 a      1182     1    21     2     7
  1.8608815954631661E-01 a      1183     1    21     2     8
 -3.9746836518611040E-01 a      1184     1    21     2     9
 -7.1623389944353677E-01 a      1185     1    21     2    10
 -6.7566856207919845E-01 a      1186     1    21     2    11
  1.1865104738934680E-01 a      1187     1    21     2    12
 -7.9397443672182721E-01 a      1188     1    21     2    13
  1.8384788257792134E-01 a      1189     1    21     2    14
 -1.4815798811373340E-02 a      1190     1    21     2    15
  3.9462602850885036E-04 a      1191     1    21     2    16
 -5.0438436919057118E-02 a      1192     1    21     2    17
 -9.0537803289543872E-01 a      1193     1    21     2    18
 -1.2476985604029700E-01 a      1194     1    21     2    19
 -8.3382420537074142E-01 a      1195     1    21     2    20
 -1.8718753936134089E-01 a      1196     1    21     2    21
 -1.5186875025401576E+00 a      1197     1    21     2    22
  4.8948814405746627E-01 a      1198     1    21     2    23
  3.8752835313138223E-02 a      1199     1    21     2    24
 -1.0148760608422470E-01 a      1200     1    21     2    25
  1.1461931483337677E-01 a      1201     1    22     2     1
 -1.7166168115400884E-01 a      1202     1    22     2     2
  1.0342314338119017E-01 a      1203     1    22     2     3
  7.0482887286079454E-01 a      1204     1    22     2     4
  3.1692748444003049E-01 a      1205     1    22     2     5
  6.7675167580732565E-01 a      1206     1    22     2     6
  4.5441644302914336E-02 a      1207     1    22     2     7
  3.1292130714730598E-01 a      1208     1    22     2     8
  5.1334595162340990E-01 a      1209     1    22     2     9
  4.6993271178402229E-01 a      1210     1    22     2    10
  1.0135219227473888E+00 a      1211     1    22     2    11
  7.5052021392018067E-02 a      1212     1    22     2    12
 -1.5861796828894731E-01 a      1213     1    22     2    13
 -9.1759154960501443E-01 a      1214     1    22     2    14
  5.2490787754527801E-01 a      1215     1    22     2    15
 -5.3997633251673349E-01 a      1216     1    22     2    16
 -1.5420759992113034E-01 a      1217     1    22     2    17
 -5.1763127440343715E-01 a      1218     1    22     2    18
  1.9654869751857998E-02 a      1219     1    22     2    19
 -2.6352204320964212E-01 a      1220     1    22     2    20
 -9.0651878471939172E-04 a      1221     1    22     2    21
  9.1156735441037440E-01 a      1222     1    22     2    22
  7.6571429041352101E-01 a      1223     1    22     2    23
  5.1468214155062919E-01 a      1224     1    22     2    24
 -2.3189987215314922E-01 a      1225     1    22     2    25
 -1.1653981730883869E-01 a      1226     1    23     2     1
  3.8260653410476764E-01 a      1227     1    23     2     2
  2.1099065223583735E-01 a      1228     1    23     2     3
  6.2872421155796032E-01 a      1229     1    23     2     4
 -3.5672653193360937E-01 a      1230     1    23     2     5
 -3.6344841565592140E-01 a      1231     1    23     2     6
 -2.6364633773314272E-02 a      1232     1    23     2     7
  1.9189941585977893E-02 a      1233     1    23     2     8
 -1.8725057863495490E-02 a      1234     1    23     2     9
  3.4193101083419774E-03 a      1235     1    23     2    10
  3.4082997029360373E-01 a      1236     1    23     2    11
  1.4013261003175020E-01 a      1237     1    23     2    12
 -2.3492998027495668E-01 a      1238     1    23     2    13
 -8.2577216172541945E-01 a      1239     1    23     2    14
  4.6524969743680722E-01 a      1240     1    23     2    15
 -2.7491286283104033E-01 a      1241     1    23     2    16
 -2.3228640664620082E-01 a      1242     1    23     2    17
 -1.2838719342291796E-01 a      1243     1    23     2    18
  2.4138593066454259E-02 a      1244     1    23     2    19
 -2.6816017127991770E-01 a      1245     1    23     2    20
 -3.3630829099083555E-02 a      1246     1    23     2    21
  5.3713003080097721E-01 a      1247     1    23     2    22
  3.7759108711491129E-01 a      1248     1    23     2    23
  4.3557000793992690E-01 a      1249     1    23     2    24
 -6.4097057924964188E-02 a      1250     1    23     2    25
 -6.8322281596472179E-01 a      1251     1    24     2     1
  4.8416349564608963E-01 a      1252     1    24     2     2
  2.3108017338701320E-01 a      1253     1    24     2     3
  2.1914818952421725E-01 a      1254     1    24     2     4
 -4.1054503667843641E-02 a      1255     1    24     2     5
 -2.8880068246205431E-01 a      1256     1    24     2     6
 -7.5442190753013866E-02 a      1257     1    24     2     7
  1.3152110575470491E-01 a      1258     1    24     2     8
 -3.7370561902446399E-02 a      1259     1    24     2     9
  3.3227785373692797E-01 a      1260     1    24     2    10
  8.4362555430215069E-01 a      1261     1    24     2    11
 -3.3365662528330514E-01 a      1262     1    24     2    12
 -2.0260710364601106E-01 a      1263     1    24     2    13
 -1.4528675349740197E-01 a      1264     1    24     2    14
 -4.6960666278724716E-01 a      1265     1    24     2    15
  4.1169722093119859E-01 a      1266     1    24     2    16
  4.5810520049536363E-01 a      1267     1    24     2    17
 -5.6826795916318429E-01 a      1268     1    24     2    18
  8.9962924913324166E-02 a      1269     1    24     2    19
  4.7935836390546971E-01 a      1270     1    24     2    20
  2.7693237061811310E-01 a      1271     1    24     2    21
 -3.6395315195801975E-01 a      1272     1    24     2    22
 -7.3761581616360516E-01 a      1273     1    24     2    23
 -3.0399740565076331E-02 a      1274     1    24     2    24
  1.3895530015481961E-01 a      1275     1    24     2    25
 -1.9089096013045259E-01 a      1276     1    25     2     1
  2.0061960339590162E-01 a      1277     1    25     2     2
 -2.7484190592264551E-01 a      1278     1    25     2     3
 -6.9515917786431972E-02 a      1279     1    25     2     4
 -7.2152734430292659E-02 a      1280     1    25     2     5
  7.8771962344013202E-01 a      1281     1    25     2     6
 -9.2564859510251354E-02 a      1282     1    25     2     7
 -1.9790505342460771E-01 a      1283     1    25     2     8
 -2.8507124442914772E-01 a      1284     1    25     2     9
  4.7491993636906821E-01 a      1285     1    25     2    10
  4.8654343804492706E-01 a      1286     1    25     2    11
  5.9907336534271542E-03 a      1287     1    25     2    12
  8.1074890582476511E-01 a      1288     1    25     2    13
  1.1384950210612482E-01 a      1289     1    25     2    14
  8.8368607072235577E-03 a      1290     1    25     2    15
 -2.2469739889586912E-01 a      1291     1    25     2    16
 -1.6281431007787475E-01 a      1292     1    25     2    17
 -5.6446832323771734E-01 a      1293     1    25     2    18
  4.7992640961305061E-01 a      1294     1    25     2    19
 -2.8531582692963497E-01 a      1295     1    25     2    20
 -1.0601115992252930E-01 a      1296     1    25     2    21
  2.1305605479478157E-01 a      1297     1    25     2    22
  1.2196261335279014E-01 a      1298     1    25     2    23
  2.2973147078819592E-01 a      1299     1    25     2    24
 -2.1518056225214641E-01 a      1300     1    25     2    25
  4.5841233148141569E-01 b      1301     2     1
 -5.9860040116046498E-01 b      1302     2     2
  5.0423070031913142E-01 b      1303     2     3
  6.0795979439114731E-02 b      1304     2     4
 -6.8631201931579427E-02 b      1305     2     5
 -1.1277460131270874E-01 b      1306     2     6
  4.8445069745107366E-01 b      1307     2     7
  2.1717817932478269E-02 b      1308     2     8
  1.1187324511022508E-01 b      1309     2     9
  1.8493967415632231E-01 b      1310     2    10
 -8.1773299256863736E-03 b      1311     2    11
 -1.2902632050875007E-01 b      1312     2    12
  6.9600669761438394E-01 b      1313     2    13
 -1.3287504448024476E-01 b      1314     2    14
 -7.5533368858330327E-02 b      1315     2    15
 -2.4315279664468420E-02 b      1316     2    16
  5.2795332123947913E-01 b      1317     2    17
  4.7184535296296837E-01 b      1318     2    18
 -4.0975172268506144E-01 b      1319     2    19
 -1.8077246834941027E-01 b      1320     2    20
 -4.7096581295957024E-01 b      1321     2    21
 -4.8922288619918808E-01 b      1322     2    22
  1.2001599606499470E-01 b      1323     2    23
 -1.5176262948135439E-02 b      1324     2    24
 -1.2868865565990648E-01 b      1325     2    25
 -2.6432951484025424E-01 a      1326     2     1     3     1
  2.0050875271750945E-01 a      1327     2     2     3     1
 -5.5886168599687952E-02 a      1328     2     3     3     1
  1.5894705468488157E-01 a      1329     2     4     3     1
  2.6836336272956141E-01 a      1330     2     5     3     1
 -2.2540443991054822E-02 a      1331     2     6     3     1
 -7.4412754316760032E-01 a      1332     2     7     3     1
  2.7314031456186755E-01 a      1333     2     8     3     1
  2.2753998736175821E-01 a      1334     2     9     3     1
 -1.9566140667352735E-01 a      1335     2    10     3     1
  2.1792354695248289E-01 a      1336     2    11     3     1
  5.2981800303463555E-01 a      1337     2    12     3     1
  9.8689763776108858E-02 a      1338     2    13     3     1
  4.5789582890160768E-01 a      1339     2    14     3     1
  3.5056286740175380E-01 a      1340     2    15     3     1
 -5.9684412934669173E-01 a      1341     2    16     3     1
 -9.5200735903271327E-01 a      1342     2    17     3     1
  3.5031746922265128E-01 a      1343     2    18     3     1
  5.9663880760575927E-01 a      1344     2    19     3     1
  2.7045295536704261E-01 a      1345     2    20     3     1
  6.6638846486100189E-01 a      1346     2    21     3     1
 -7.4606900536482404E-02 a      1347     2    22     3     1
 -1.8543585307806684E-01 a      1348     2    23     3     1
 -1.5134640409564587E-01 a      1349     2    24     3     1
  3.9331336074316936E-01 a      1350     2    25     3     1
 -1.3101505124093065E+00 b      1351     3     1
