################################################################################
# Neural network connection values (weights and biases).
################################################################################
# Col  Name       Description
################################################################################
# 1    connection Neural network connection value.
# 2    t          Connection type (a = weight, b = bias).
# 3    index      Index enumerating weights.
# 4    l_s        Starting point layer (end point layer for biases).
# 5    n_s        Starting point neuron in starting layer (end point neuron for biases).
# 6    l_e        End point layer.
# 7    n_e        End point neuron in end layer.
################################################################################
#                      1 2         3     4     5     6     7
#             connection t     index   l_s   n_s   l_e   n_e
############################################################
 -3.4706468629129241E+00 a         1     0     1     1     1
  1.7522011980775560E+00 a         2     0     1     1     2
 -2.7468203419249209E+00 a         3     0     1     1     3
  4.3285402070566095E+00 a         4     0     1     1     4
  1.0370129479327914E+00 a         5     0     1     1     5
  8.0003773139861664E-02 a         6     0     1     1     6
 -1.2614351128489756E+00 a         7     0     1     1     7
 -2.9651382375960953E+00 a         8     0     1     1     8
 -6.1730407344641691E-01 a         9     0     1     1     9
 -2.7806344708736046E+00 a        10     0     1     1    10
  6.1256065917751534E-01 a        11     0     1     1    11
 -2.7465266499450043E+00 a        12     0     1     1    12
 -9.4642769206669861E+00 a        13     0     1     1    13
  8.1931566103863585E-01 a        14     0     1     1    14
 -1.3356266467402422E-01 a        15     0     1     1    15
  4.6966624856222845E+00 a        16     0     1     1    16
 -2.7712472797912029E+00 a        17     0     1     1    17
  3.5322667204078333E+00 a        18     0     1     1    18
 -1.6742156729904334E+00 a        19     0     1     1    19
  8.0435840829925507E+00 a        20     0     1     1    20
 -7.1930224187131095E+00 a        21     0     1     1    21
 -2.8129147957063263E+00 a        22     0     1     1    22
 -1.9860798432071047E+00 a        23     0     1     1    23
  1.6778155098110975E+01 a        24     0     1     1    24
 -6.4040510579922225E+00 a        25     0     1     1    25
  1.8335722383098534E+00 a        26     0     2     1     1
 -6.1994464275056205E-01 a        27     0     2     1     2
  1.6932643753325667E+00 a        28     0     2     1     3
  3.2796138109400308E-01 a        29     0     2     1     4
  1.3104456787735355E-01 a        30     0     2     1     5
 -7.9638750116824897E-01 a        31     0     2     1     6
 -5.5126598455854670E-01 a        32     0     2     1     7
  2.4715327745508267E-01 a        33     0     2     1     8
  1.3890245039887592E-02 a        34     0     2     1     9
  9.5389081639010276E-02 a        35     0     2     1    10
  3.5356991426194190E-01 a        36     0     2     1    11
  6.0728115439943442E-01 a        37     0     2     1    12
  1.9030788750772412E+00 a        38     0     2     1    13
  3.2702601086510913E-01 a        39     0     2     1    14
 -3.9082582642308816E-01 a        40     0     2     1    15
 -3.2649157342928359E-01 a        41     0     2     1    16
 -3.4507276515151321E-02 a        42     0     2     1    17
 -1.8166843977461689E+00 a        43     0     2     1    18
  1.2895210820040599E+00 a        44     0     2     1    19
 -3.2233916132415055E+00 a        45     0     2     1    20
  1.6092034272022844E+00 a        46     0     2     1    21
 -6.9506310397679971E-01 a        47     0     2     1    22
  1.3569344588043939E+00 a        48     0     2     1    23
 -2.0750999531689263E+00 a        49     0     2     1    24
  1.4591002248888936E+00 a        50     0     2     1    25
  3.6684093879836297E+00 a        51     0     3     1     1
 -1.4180569378412564E+00 a        52     0     3     1     2
  3.7182729574584088E+00 a        53     0     3     1     3
 -1.3575839553875397E+00 a        54     0     3     1     4
  1.0060818615019868E-01 a        55     0     3     1     5
 -9.7280732377591161E-01 a        56     0     3     1     6
 -1.4017124259309938E-01 a        57     0     3     1     7
  1.4709503519222709E+00 a        58     0     3     1     8
  2.4528603646666050E-01 a        59     0     3     1     9
  1.7584870056463542E+00 a        60     0     3     1    10
 -1.3709396804822759E-02 a        61     0     3     1    11
  2.3348825160592508E+00 a        62     0     3     1    12
  8.1300737890643813E+00 a        63     0     3     1    13
 -4.1526569266771185E-01 a        64     0     3     1    14
 -1.2641413688368657E+00 a        65     0     3     1    15
 -2.4535431120516571E+00 a        66     0     3     1    16
  8.5051583782253048E-01 a        67     0     3     1    17
 -5.1119939491305155E+00 a        68     0     3     1    18
  3.0647073135784071E+00 a        69     0     3     1    19
 -8.5776529132279560E+00 a        70     0     3     1    20
  6.2670624544416755E+00 a        71     0     3     1    21
  1.0073030475777667E-01 a        72     0     3     1    22
  2.7095872488373565E+00 a        73     0     3     1    23
 -1.1134619322960177E+01 a        74     0     3     1    24
  5.1402438229318319E+00 a        75     0     3     1    25
 -2.8825391325682741E+00 a        76     0     4     1     1
  1.3084966368018580E+00 a        77     0     4     1     2
  1.8916852090642253E+00 a        78     0     4     1     3
 -4.5603997750825433E+00 a        79     0     4     1     4
  9.1209809282288312E-01 a        80     0     4     1     5
  2.2849793487677812E+00 a        81     0     4     1     6
 -1.9513729865218210E-01 a        82     0     4     1     7
  2.6009498566442648E+00 a        83     0     4     1     8
 -5.4372952799849317E-01 a        84     0     4     1     9
  3.5221684947892506E+00 a        85     0     4     1    10
 -1.5729747237234928E+00 a        86     0     4     1    11
  3.6439611206185996E+00 a        87     0     4     1    12
  5.2116033760053959E-01 a        88     0     4     1    13
 -3.0132925993143900E+00 a        89     0     4     1    14
 -1.1628345787934762E+00 a        90     0     4     1    15
 -3.7398335333634534E+00 a        91     0     4     1    16
  3.6173670101958604E+00 a        92     0     4     1    17
  4.9087362653313225E+00 a        93     0     4     1    18
  6.7419852674802083E-01 a        94     0     4     1    19
  2.8763462055355746E+00 a        95     0     4     1    20
  5.1532309259423750E+00 a        96     0     4     1    21
  9.1382596776307001E-01 a        97     0     4     1    22
 -7.1381693713286121E-01 a        98     0     4     1    23
 -1.1379897216744135E+01 a        99     0     4     1    24
  3.4500815614921545E+00 a       100     0     4     1    25
  9.7287178968999188E-01 a       101     0     5     1     1
 -3.2513398598843652E+00 a       102     0     5     1     2
 -6.5955846315309747E+00 a       103     0     5     1     3
 -7.6532910782220603E-02 a       104     0     5     1     4
 -1.1876354964360103E+00 a       105     0     5     1     5
 -9.4567541802188615E-01 a       106     0     5     1     6
  1.1336046887200151E+00 a       107     0     5     1     7
  4.0451776470892242E-01 a       108     0     5     1     8
 -7.2626004721825388E-01 a       109     0     5     1     9
 -6.6124606986817058E-01 a       110     0     5     1    10
  1.6879125634990393E+00 a       111     0     5     1    11
 -6.2799160806506187E+00 a       112     0     5     1    12
 -2.4779952810887433E+00 a       113     0     5     1    13
  3.3269051978686224E+00 a       114     0     5     1    14
  1.6794960523226130E+00 a       115     0     5     1    15
  3.8249076212617310E+00 a       116     0     5     1    16
 -1.5084044397656116E+00 a       117     0     5     1    17
 -2.1229213076725215E+00 a       118     0     5     1    18
 -5.3055038235229324E+00 a       119     0     5     1    19
  9.2966664503319529E-01 a       120     0     5     1    20
 -8.1669242325587401E+00 a       121     0     5     1    21
 -7.3831516229216299E-01 a       122     0     5     1    22
 -4.1641540432340562E+00 a       123     0     5     1    23
  1.2692785401300124E+01 a       124     0     5     1    24
 -3.9019437579639802E+00 a       125     0     5     1    25
  6.9618008192554093E-01 a       126     0     6     1     1
  2.4750109803320846E+00 a       127     0     6     1     2
  3.6119934067548329E+00 a       128     0     6     1     3
  1.9145831976284018E+00 a       129     0     6     1     4
 -4.6226166129688617E-01 a       130     0     6     1     5
  4.0956800774452198E-02 a       131     0     6     1     6
 -2.3494780863214709E-01 a       132     0     6     1     7
 -1.6261312171794631E+00 a       133     0     6     1     8
  1.2822563817679251E+00 a       134     0     6     1     9
 -7.6154139442065094E-01 a       135     0     6     1    10
 -1.4915286623786310E+00 a       136     0     6     1    11
  2.1324493964299669E+00 a       137     0     6     1    12
  2.1740391180255800E+00 a       138     0     6     1    13
 -2.3738763239213090E+00 a       139     0     6     1    14
 -6.4596664367994261E-01 a       140     0     6     1    15
 -1.1175187937228135E+00 a       141     0     6     1    16
  6.5544200827930249E-02 a       142     0     6     1    17
 -7.1942457757435394E-02 a       143     0     6     1    18
  3.0934115187074602E+00 a       144     0     6     1    19
 -1.5353383203891748E+00 a       145     0     6     1    20
  3.9014506012405246E+00 a       146     0     6     1    21
  1.7324133202830319E+00 a       147     0     6     1    22
  2.6651972257570806E+00 a       148     0     6     1    23
 -4.0009407084146869E+00 a       149     0     6     1    24
  1.4519770406126682E+00 a       150     0     6     1    25
 -7.5142208808824204E-02 a       151     0     7     1     1
 -5.6169284763669625E-01 a       152     0     7     1     2
 -5.0598895531630184E-01 a       153     0     7     1     3
 -9.1105520996596823E-01 a       154     0     7     1     4
  1.5802490289876894E-01 a       155     0     7     1     5
 -4.9864043821973400E-04 a       156     0     7     1     6
 -8.0274578410924863E-02 a       157     0     7     1     7
  3.3050675071809349E-01 a       158     0     7     1     8
 -5.5710394585953449E-01 a       159     0     7     1     9
  3.1655867749412031E-01 a       160     0     7     1    10
  3.9747387463541733E-01 a       161     0     7     1    11
 -3.3767933941190376E-01 a       162     0     7     1    12
 -6.6879054299242702E-01 a       163     0     7     1    13
  5.7156374614244210E-01 a       164     0     7     1    14
  2.7107176162549246E-01 a       165     0     7     1    15
  4.1907157610067060E-02 a       166     0     7     1    16
 -7.3778282862573180E-02 a       167     0     7     1    17
 -3.2609072940578389E-02 a       168     0     7     1    18
 -8.6401269383920765E-01 a       169     0     7     1    19
  5.2127042339073459E-01 a       170     0     7     1    20
 -9.0378039101537333E-01 a       171     0     7     1    21
 -6.6433452218903266E-01 a       172     0     7     1    22
 -5.8031968130479172E-01 a       173     0     7     1    23
  5.2451736052893116E-01 a       174     0     7     1    24
 -3.6350734215612412E-01 a       175     0     7     1    25
 -1.3597539850200030E-01 a       176     0     8     1     1
  6.7648239564968640E-02 a       177     0     8     1     2
 -1.3436080962496905E-01 a       178     0     8     1     3
  1.9368282643762563E-01 a       179     0     8     1     4
 -7.6327926161925668E-03 a       180     0     8     1     5
  9.6741200310332953E-02 a       181     0     8     1     6
  7.5346722290148785E-02 a       182     0     8     1     7
 -7.9943346294301845E-02 a       183     0     8     1     8
  8.8059981240683469E-02 a       184     0     8     1     9
 -1.9139635116886995E-02 a       185     0     8     1    10
  6.7945006102247393E-02 a       186     0     8     1    11
 -1.5577830610072502E-02 a       187     0     8     1    12
 -7.4180056134087582E-02 a       188     0     8     1    13
 -7.0180195268867762E-02 a       189     0     8     1    14
 -3.1351553192278468E-02 a       190     0     8     1    15
  4.0755684349592688E-02 a       191     0     8     1    16
  7.5450224164498508E-02 a       192     0     8     1    17
  1.0035028471306824E-01 a       193     0     8     1    18
  9.0014809726581560E-02 a       194     0     8     1    19
 -1.0522152120850196E-04 a       195     0     8     1    20
  6.8815132383562724E-02 a       196     0     8     1    21
  5.4403906911970466E-02 a       197     0     8     1    22
 -3.8606059945797771E-03 a       198     0     8     1    23
  5.2482485427587246E-02 a       199     0     8     1    24
 -4.4879192265909543E-02 a       200     0     8     1    25
  4.2168622635289408E+00 a       201     0     9     1     1
  1.8391403699704543E+00 a       202     0     9     1     2
 -7.6242183791981697E+00 a       203     0     9     1     3
 -2.4446375146624351E+00 a       204     0     9     1     4
 -2.1899850741461075E+00 a       205     0     9     1     5
 -1.6644940865382623E+00 a       206     0     9     1     6
 -2.0513560250199534E+00 a       207     0     9     1     7
  9.4830906319211525E+00 a       208     0     9     1     8
  2.1157121378860132E-02 a       209     0     9     1     9
  1.3041320045933278E+00 a       210     0     9     1    10
 -3.0098487732297383E+00 a       211     0     9     1    11
 -4.8265011445038226E+00 a       212     0     9     1    12
 -1.8802014267664928E+00 a       213     0     9     1    13
  6.9646854989339624E-01 a       214     0     9     1    14
 -2.1990554442500714E+00 a       215     0     9     1    15
  1.7589200228280990E+00 a       216     0     9     1    16
  1.7641852407778398E+00 a       217     0     9     1    17
  4.6197050183913948E+00 a       218     0     9     1    18
 -1.6637053812180882E+00 a       219     0     9     1    19
  4.3385837890773207E+00 a       220     0     9     1    20
 -3.1118065790018892E+00 a       221     0     9     1    21
  3.0372207862288096E+00 a       222     0     9     1    22
 -5.1932991753248423E+00 a       223     0     9     1    23
  3.4562173363131534E+00 a       224     0     9     1    24
  1.2485795231950649E+00 a       225     0     9     1    25
  3.5741103653975537E+00 a       226     0    10     1     1
 -2.8218199742301535E+00 a       227     0    10     1     2
  1.5196744451856579E+00 a       228     0    10     1     3
 -1.6170189720972030E+00 a       229     0    10     1     4
 -8.2853494191505017E-01 a       230     0    10     1     5
 -3.8762162579754667E-01 a       231     0    10     1     6
  1.2114229974076085E+00 a       232     0    10     1     7
 -4.1982066845637689E-01 a       233     0    10     1     8
  2.0361765435230872E-01 a       234     0    10     1     9
  1.7567525821598251E+00 a       235     0    10     1    10
 -6.2055068831522331E-01 a       236     0    10     1    11
 -8.1763130282171292E-01 a       237     0    10     1    12
  5.8747969336768131E+00 a       238     0    10     1    13
  2.2411203681531194E-01 a       239     0    10     1    14
  7.8859878724627486E-01 a       240     0    10     1    15
 -1.9909096612815189E+00 a       241     0    10     1    16
  1.1551351645216147E-01 a       242     0    10     1    17
 -5.9837935650954757E+00 a       243     0    10     1    18
  9.3834742566691734E-02 a       244     0    10     1    19
 -6.3119602892345332E+00 a       245     0    10     1    20
  2.3753560718296369E+00 a       246     0    10     1    21
  1.7567211368947395E+00 a       247     0    10     1    22
  1.6769209110500960E+00 a       248     0    10     1    23
 -5.8161676680495011E+00 a       249     0    10     1    24
  2.6688573261540003E+00 a       250     0    10     1    25
 -9.3078180942757793E+00 a       251     0    11     1     1
 -2.0876967286037527E+00 a       252     0    11     1     2
  6.4259630791907538E+00 a       253     0    11     1     3
  4.8299845834369366E+00 a       254     0    11     1     4
  2.0894697069078938E+00 a       255     0    11     1     5
  3.4362790132269452E+00 a       256     0    11     1     6
  2.8988986023225434E+00 a       257     0    11     1     7
 -1.2660984736057076E+01 a       258     0    11     1     8
 -1.1427529044073765E+00 a       259     0    11     1     9
 -1.3732977116956675E+00 a       260     0    11     1    10
  2.3203656102708554E+00 a       261     0    11     1    11
  4.5062521127963997E+00 a       262     0    11     1    12
 -5.0358253689123842E+00 a       263     0    11     1    13
 -1.0175745437061856E+00 a       264     0    11     1    14
  4.3757544356280595E+00 a       265     0    11     1    15
 -9.7358725686849146E-01 a       266     0    11     1    16
 -2.3262502620959387E+00 a       267     0    11     1    17
  1.0104516273084327E+00 a       268     0    11     1    18
 -1.9232832271126246E+00 a       269     0    11     1    19
  1.4976751562159270E+00 a       270     0    11     1    20
 -1.6962146932402513E+00 a       271     0    11     1    21
 -9.0414372508898766E-01 a       272     0    11     1    22
  4.3686484050824070E+00 a       273     0    11     1    23
  1.9788565150606727E+00 a       274     0    11     1    24
 -4.8974068876523686E+00 a       275     0    11     1    25
 -7.9158872143786123E+00 a       276     0    12     1     1
  7.1615815196174859E+00 a       277     0    12     1     2
  1.3073283159748685E+00 a       278     0    12     1     3
 -4.7575940640213856E+00 a       279     0    12     1     4
  1.1829208939832885E+00 a       280     0    12     1     5
  1.4103629458173390E+00 a       281     0    12     1     6
  4.7411536711477137E-01 a       282     0    12     1     7
 -5.1862309818744032E+00 a       283     0    12     1     8
 -1.3201379699188356E+00 a       284     0    12     1     9
 -3.7314927086551415E+00 a       285     0    12     1    10
  1.5251460390165916E+00 a       286     0    12     1    11
  1.3715067147253996E+00 a       287     0    12     1    12
  5.0964733378750084E+00 a       288     0    12     1    13
 -3.1662273354259245E+00 a       289     0    12     1    14
  4.2136130098150198E-01 a       290     0    12     1    15
 -6.6693518926566220E-01 a       291     0    12     1    16
 -1.7253884385922733E+00 a       292     0    12     1    17
 -2.7971462724338494E+00 a       293     0    12     1    18
 -3.7736670836738533E+00 a       294     0    12     1    19
  3.0396087191929548E+00 a       295     0    12     1    20
  2.3768131406543427E+00 a       296     0    12     1    21
 -2.7799959509607559E+00 a       297     0    12     1    22
 -3.7463583921511292E+00 a       298     0    12     1    23
  7.8114073206178247E+00 a       299     0    12     1    24
 -4.4486804997273337E+00 a       300     0    12     1    25
  9.5256476683430602E-01 a       301     0    13     1     1
  8.1898830685260837E-01 a       302     0    13     1     2
 -5.0183849570072814E-01 a       303     0    13     1     3
 -1.2056071907981247E+00 a       304     0    13     1     4
 -8.4289089706146691E-01 a       305     0    13     1     5
 -6.5606883094647861E-01 a       306     0    13     1     6
 -3.6886045479097912E-01 a       307     0    13     1     7
  9.8131098911266779E-01 a       308     0    13     1     8
  8.5058654071569506E-01 a       309     0    13     1     9
  8.7037003216456366E-01 a       310     0    13     1    10
  1.8447948982280575E+00 a       311     0    13     1    11
  8.5733765379936477E-01 a       312     0    13     1    12
 -1.7768124428968235E+00 a       313     0    13     1    13
 -1.1383013189144291E+00 a       314     0    13     1    14
 -1.7158898455046490E-01 a       315     0    13     1    15
 -5.0912554898300311E-01 a       316     0    13     1    16
 -5.2514290685603982E-01 a       317     0    13     1    17
  1.3117580142820811E+00 a       318     0    13     1    18
 -7.2901008244957211E-01 a       319     0    13     1    19
 -6.4864889404491533E-01 a       320     0    13     1    20
  8.4090055076811332E-01 a       321     0    13     1    21
 -4.5977774749255163E-01 a       322     0    13     1    22
 -4.0319871245492897E-02 a       323     0    13     1    23
 -3.7729849072671486E+00 a       324     0    13     1    24
  1.8851112860062909E+00 a       325     0    13     1    25
  7.5290710613879552E+00 a       326     0    14     1     1
 -7.2855906972099280E+00 a       327     0    14     1     2
 -9.6049164845117208E-01 a       328     0    14     1     3
  2.0227324288777226E+00 a       329     0    14     1     4
 -2.6161357271360401E+00 a       330     0    14     1     5
 -3.5389626509191259E+00 a       331     0    14     1     6
 -1.0229153346475595E+00 a       332     0    14     1     7
  7.0099036446266405E+00 a       333     0    14     1     8
  3.1860682278379122E+00 a       334     0    14     1     9
  5.4306853606470922E+00 a       335     0    14     1    10
  1.0402151195524860E+00 a       336     0    14     1    11
  1.3705921878488680E-01 a       337     0    14     1    12
 -3.5366713724392214E+00 a       338     0    14     1    13
  1.8031784069379673E+00 a       339     0    14     1    14
 -5.3922425159448817E-01 a       340     0    14     1    15
 -2.3810851135588589E+00 a       341     0    14     1    16
  7.9331033525047312E-01 a       342     0    14     1    17
  2.1226646077945239E+00 a       343     0    14     1    18
  3.1491744278802085E+00 a       344     0    14     1    19
 -6.3926392178343630E+00 a       345     0    14     1    20
 -2.6622271017818100E-01 a       346     0    14     1    21
  2.9301348557218194E+00 a       347     0    14     1    22
  3.1845647373540977E+00 a       348     0    14     1    23
 -1.6334715065472061E+01 a       349     0    14     1    24
  8.7688694075667417E+00 a       350     0    14     1    25
 -1.4545173792252215E+00 a       351     0    15     1     1
  1.7056989700484488E+00 a       352     0    15     1     2
 -4.8729469904627347E+00 a       353     0    15     1     3
  6.2209104284163030E-01 a       354     0    15     1     4
  2.1277974835310179E-01 a       355     0    15     1     5
  6.3185803994440704E-01 a       356     0    15     1     6
 -1.2011399544135868E+00 a       357     0    15     1     7
  1.3437765626020122E+00 a       358     0    15     1     8
 -6.4216319480012801E-02 a       359     0    15     1     9
 -1.3181700033059827E+00 a       360     0    15     1    10
 -4.5558480669613859E+00 a       361     0    15     1    11
 -1.6253836496476994E+00 a       362     0    15     1    12
  4.8383213563120222E+00 a       363     0    15     1    13
  7.4497127994407164E-01 a       364     0    15     1    14
 -3.2360461263253276E-01 a       365     0    15     1    15
  1.7301715951214192E+00 a       366     0    15     1    16
 -1.4304823724308560E-01 a       367     0    15     1    17
  2.9553315884453597E+00 a       368     0    15     1    18
  7.2901664303981413E+00 a       369     0    15     1    19
  6.4335606834196337E+00 a       370     0    15     1    20
  1.5818260506162709E+00 a       371     0    15     1    21
  2.6029397655798620E-01 a       372     0    15     1    22
  2.5074948771837362E+00 a       373     0    15     1    23
  7.1694049555732837E+00 a       374     0    15     1    24
 -1.2019879454321227E+00 a       375     0    15     1    25
  2.9209414451967244E+00 a       376     0    16     1     1
 -2.6580705300149998E-01 a       377     0    16     1     2
  3.5132996946894784E-01 a       378     0    16     1     3
 -1.2409830583636037E+00 a       379     0    16     1     4
  1.0952991624435533E-01 a       380     0    16     1     5
 -6.2690420240587985E-01 a       381     0    16     1     6
 -1.7714718324402273E-01 a       382     0    16     1     7
  1.6334280793828018E+00 a       383     0    16     1     8
  2.9629551861213077E-01 a       384     0    16     1     9
 -2.5041425647553078E-01 a       385     0    16     1    10
 -3.7309809185163911E-01 a       386     0    16     1    11
  2.4483624246242677E-01 a       387     0    16     1    12
  4.1839021167774781E+00 a       388     0    16     1    13
  1.0549755452277938E-01 a       389     0    16     1    14
 -6.8737434460491653E-01 a       390     0    16     1    15
 -5.2442333711712574E-01 a       391     0    16     1    16
 -1.4584498786453939E-01 a       392     0    16     1    17
 -4.1963558659399665E+00 a       393     0    16     1    18
  1.6441948379132860E+00 a       394     0    16     1    19
 -3.0160381464797248E+00 a       395     0    16     1    20
  2.4965357610254375E+00 a       396     0    16     1    21
 -6.6433957950923239E-01 a       397     0    16     1    22
  7.4817849888973742E-01 a       398     0    16     1    23
 -2.4419959529604780E+00 a       399     0    16     1    24
  1.3986886340752620E+00 a       400     0    16     1    25
 -4.7286464325791977E-01 a       401     0    17     1     1
  9.1431550695360020E-01 a       402     0    17     1     2
  3.6476932538477009E+00 a       403     0    17     1     3
  6.0605669986480226E-01 a       404     0    17     1     4
  6.7704579094753248E-02 a       405     0    17     1     5
 -9.1186999882080610E-01 a       406     0    17     1     6
 -1.0087189822960382E-01 a       407     0    17     1     7
  8.6956054928832141E-02 a       408     0    17     1     8
  7.2502441986158217E-01 a       409     0    17     1     9
  2.2890226218543352E-01 a       410     0    17     1    10
  4.7636825750691969E+00 a       411     0    17     1    11
  3.3226690966097263E+00 a       412     0    17     1    12
 -8.3291432717205431E+00 a       413     0    17     1    13
 -3.4368874682622563E-01 a       414     0    17     1    14
 -9.9307018865658492E-01 a       415     0    17     1    15
 -7.6360070755153120E-01 a       416     0    17     1    16
  3.0116814527545621E-01 a       417     0    17     1    17
  2.1740168745134532E+00 a       418     0    17     1    18
 -6.0959412787760181E+00 a       419     0    17     1    19
 -2.5823797388075005E+00 a       420     0    17     1    20
 -2.2250295125473674E+00 a       421     0    17     1    21
 -1.8543671016596932E+00 a       422     0    17     1    22
 -3.4270645459519748E+00 a       423     0    17     1    23
 -3.9757711046308866E+00 a       424     0    17     1    24
 -4.6356977962312002E-01 a       425     0    17     1    25
 -5.8875769010684245E+00 a       426     0    18     1     1
  3.8767395964222819E+00 a       427     0    18     1     2
  3.2041170274217268E+00 a       428     0    18     1     3
  1.0050322338811171E+00 a       429     0    18     1     4
  4.5922200759689891E-01 a       430     0    18     1     5
  1.9718572417499491E+00 a       431     0    18     1     6
  3.6169546069945229E+00 a       432     0    18     1     7
 -4.5360204643075077E+00 a       433     0    18     1     8
 -1.8318342143206126E+00 a       434     0    18     1     9
 -2.4774287711184901E+00 a       435     0    18     1    10
 -8.2223063502474136E-01 a       436     0    18     1    11
  4.2197054591446355E+00 a       437     0    18     1    12
 -1.0336532705584135E+01 a       438     0    18     1    13
 -1.7458577970543858E+00 a       439     0    18     1    14
 -1.4987645159730292E+00 a       440     0    18     1    15
  4.9042972453040734E-01 a       441     0    18     1    16
  4.0229921385326763E+00 a       442     0    18     1    17
  9.2599076588969869E+00 a       443     0    18     1    18
 -8.1557042123806838E+00 a       444     0    18     1    19
 -7.5270247733009266E-01 a       445     0    18     1    20
 -9.8177184322212323E+00 a       446     0    18     1    21
  1.7557491789089366E+00 a       447     0    18     1    22
 -6.0961853609789509E+00 a       448     0    18     1    23
  6.4588080767799583E-01 a       449     0    18     1    24
 -2.1084585501919029E+00 a       450     0    18     1    25
  2.8139416759807701E-01 a       451     0    19     1     1
 -8.4865274864765250E-02 a       452     0    19     1     2
 -5.1624367899270074E-01 a       453     0    19     1     3
  1.8355775090520525E+00 a       454     0    19     1     4
  1.2412986034709113E+00 a       455     0    19     1     5
  1.7685424396305274E+00 a       456     0    19     1     6
  1.6129166654281182E+00 a       457     0    19     1     7
 -1.7446306214036440E+00 a       458     0    19     1     8
 -1.1208699760919334E-01 a       459     0    19     1     9
 -2.0237934790537251E+00 a       460     0    19     1    10
 -1.0719104647559952E+00 a       461     0    19     1    11
 -1.8755294389441657E+00 a       462     0    19     1    12
  4.3204205620026054E-01 a       463     0    19     1    13
  1.6633750993155718E+00 a       464     0    19     1    14
  7.6599118051105794E-02 a       465     0    19     1    15
  1.5980853772834493E+00 a       466     0    19     1    16
  7.5223246293292800E-01 a       467     0    19     1    17
 -1.1863341474143032E+00 a       468     0    19     1    18
  9.0400699863043599E-01 a       469     0    19     1    19
  1.7169967295968021E+00 a       470     0    19     1    20
 -1.4411524431364289E+00 a       471     0    19     1    21
  5.0385732522942417E-01 a       472     0    19     1    22
  3.6314278455002774E-01 a       473     0    19     1    23
  4.5450894636449197E+00 a       474     0    19     1    24
 -3.4918738893778780E+00 a       475     0    19     1    25
  3.3972096845658135E+00 a       476     0    20     1     1
 -2.7464272146314781E+00 a       477     0    20     1     2
 -3.0193105723753160E+00 a       478     0    20     1     3
  3.2089447293003355E+00 a       479     0    20     1     4
  2.8029676441861824E+00 a       480     0    20     1     5
  1.1748642763625303E+00 a       481     0    20     1     6
 -1.2359189236778521E+00 a       482     0    20     1     7
  1.5797621603527495E-01 a       483     0    20     1     8
  1.6225867608613818E+00 a       484     0    20     1     9
 -1.6721482385389812E+00 a       485     0    20     1    10
 -1.9529847822319861E+00 a       486     0    20     1    11
 -6.6446184157395054E+00 a       487     0    20     1    12
  9.5781296741022270E+00 a       488     0    20     1    13
  5.2807006337319047E+00 a       489     0    20     1    14
  1.6228559512099352E+00 a       490     0    20     1    15
  2.2005953599240780E+00 a       491     0    20     1    16
 -2.8484564853672016E+00 a       492     0    20     1    17
 -7.8032705306962269E+00 a       493     0    20     1    18
  9.5447586782515952E+00 a       494     0    20     1    19
  5.7932242415395487E+00 a       495     0    20     1    20
  5.8208837786481160E+00 a       496     0    20     1    21
 -5.6910562976810219E-01 a       497     0    20     1    22
  5.3072182884507644E+00 a       498     0    20     1    23
  9.0961420386849010E+00 a       499     0    20     1    24
 -4.8852051043814626E+00 a       500     0    20     1    25
  1.0308992036392942E+01 a       501     0    21     1     1
 -5.6634868289616831E+00 a       502     0    21     1     2
 -9.1922943793517558E+00 a       503     0    21     1     3
 -2.2134337627628380E+00 a       504     0    21     1     4
 -3.5111812245705090E+00 a       505     0    21     1     5
  2.8244658838752259E+00 a       506     0    21     1     6
  4.2696204271636775E+00 a       507     0    21     1     7
  4.8500709559571042E+00 a       508     0    21     1     8
 -1.6315021348080894E+00 a       509     0    21     1     9
  1.6085091030537388E+00 a       510     0    21     1    10
  7.1790086234222006E+00 a       511     0    21     1    11
 -4.3777797175890161E+00 a       512     0    21     1    12
 -1.9275587869200554E+00 a       513     0    21     1    13
  3.9611197619430810E-01 a       514     0    21     1    14
  3.4778063317955179E+00 a       515     0    21     1    15
  8.1362995885413536E+00 a       516     0    21     1    16
 -5.6077447622776921E-01 a       517     0    21     1    17
 -3.8287220056514379E+00 a       518     0    21     1    18
  1.8168260373606269E+00 a       519     0    21     1    19
  4.9239864166735892E+00 a       520     0    21     1    20
 -1.3654302980666572E-01 a       521     0    21     1    21
 -3.1806788355617215E+00 a       522     0    21     1    22
  4.9135528870637746E+00 a       523     0    21     1    23
  6.8430933326516312E+00 a       524     0    21     1    24
  2.6746126079387418E+00 a       525     0    21     1    25
  4.3186550637089756E+00 a       526     0    22     1     1
 -2.3205785980106923E+00 a       527     0    22     1     2
  8.4688140167951187E-01 a       528     0    22     1     3
 -2.1587705519402860E+00 a       529     0    22     1     4
 -6.5732256707561243E-01 a       530     0    22     1     5
 -1.5247755097652826E+00 a       531     0    22     1     6
  2.6334655438154875E-02 a       532     0    22     1     7
  2.0324580362019691E+00 a       533     0    22     1     8
 -1.6680347803853057E-01 a       534     0    22     1     9
  1.7991084362505536E+00 a       535     0    22     1    10
  4.2410044072424880E-01 a       536     0    22     1    11
 -9.1716890017742603E-01 a       537     0    22     1    12
  4.1645855940967893E+00 a       538     0    22     1    13
 -1.9659944077925731E-03 a       539     0    22     1    14
 -1.9081492440521053E-01 a       540     0    22     1    15
 -4.2632392965038340E-01 a       541     0    22     1    16
 -3.8445199062996654E-01 a       542     0    22     1    17
 -6.3927058567801920E+00 a       543     0    22     1    18
  6.0591402002078854E-01 a       544     0    22     1    19
 -3.8763447970217233E+00 a       545     0    22     1    20
  2.7810811353154792E+00 a       546     0    22     1    21
 -2.8978622767011281E-01 a       547     0    22     1    22
  1.0418581493592516E+00 a       548     0    22     1    23
 -2.9430040945530984E+00 a       549     0    22     1    24
  3.0999870644790528E+00 a       550     0    22     1    25
 -1.2992729642036995E+01 a       551     0    23     1     1
  6.9301028109748923E+00 a       552     0    23     1     2
  8.9049775264415079E+00 a       553     0    23     1     3
  1.2653362956677567E+00 a       554     0    23     1     4
  2.7093831843323257E+00 a       555     0    23     1     5
 -3.6731843852971364E+00 a       556     0    23     1     6
 -5.8293889100790448E+00 a       557     0    23     1     7
 -3.5606364820193108E+00 a       558     0    23     1     8
  7.5813615603715512E-01 a       559     0    23     1     9
 -1.0054131129387323E+00 a       560     0    23     1    10
 -5.8880223798518685E+00 a       561     0    23     1    11
  7.4768837553988181E+00 a       562     0    23     1    12
 -1.3546081224261850E+00 a       563     0    23     1    13
 -2.1702644019692992E+00 a       564     0    23     1    14
 -3.4625592448928972E+00 a       565     0    23     1    15
 -8.1413179782888925E+00 a       566     0    23     1    16
 -1.0141669557450517E-01 a       567     0    23     1    17
  9.0983130158510388E+00 a       568     0    23     1    18
 -3.3938295777001275E+00 a       569     0    23     1    19
 -3.4679739921414225E+00 a       570     0    23     1    20
 -1.1459546284086257E-03 a       571     0    23     1    21
  1.7378684561779727E+00 a       572     0    23     1    22
 -5.4607464718937440E+00 a       573     0    23     1    23
 -7.4444510767659740E+00 a       574     0    23     1    24
 -7.8575916116228295E-01 a       575     0    23     1    25
 -2.2913803876671528E+00 a       576     0    24     1     1
  6.5778870874154660E-01 a       577     0    24     1     2
 -3.0465885737713432E+00 a       578     0    24     1     3
 -1.3473278729475284E+00 a       579     0    24     1     4
 -5.8842296733660948E-01 a       580     0    24     1     5
  1.8030795602093572E+00 a       581     0    24     1     6
  2.5544524005524794E-01 a       582     0    24     1     7
  3.2743754771231135E+00 a       583     0    24     1     8
 -1.6912076813530026E+00 a       584     0    24     1     9
 -9.2586018590707875E-01 a       585     0    24     1    10
  5.2739184086305579E+00 a       586     0    24     1    11
 -1.1256985673149935E+00 a       587     0    24     1    12
 -2.5043171473371797E+00 a       588     0    24     1    13
  6.5323207531075081E-02 a       589     0    24     1    14
  9.9603953764160730E-02 a       590     0    24     1    15
  4.5814550485897809E-01 a       591     0    24     1    16
  1.6066565294729862E+00 a       592     0    24     1    17
  8.9052673708043439E-01 a       593     0    24     1    18
 -1.9113493443549850E-01 a       594     0    24     1    19
  3.9058931319378742E-01 a       595     0    24     1    20
 -1.7969480306343282E+00 a       596     0    24     1    21
 -6.4358384375165079E-01 a       597     0    24     1    22
  5.1132582142916050E-01 a       598     0    24     1    23
 -3.4528823949999943E+00 a       599     0    24     1    24
  1.6675622037334794E+00 a       600     0    24     1    25
  3.9183394340356230E+00 a       601     0    25     1     1
 -1.6247849608387568E+00 a       602     0    25     1     2
  4.2780651477942921E+00 a       603     0    25     1     3
  2.3890807643261711E+00 a       604     0    25     1     4
  1.4134372936910560E+00 a       605     0    25     1     5
 -1.9265312470379181E+00 a       606     0    25     1     6
 -6.6111016113324517E-01 a       607     0    25     1     7
 -5.6109170073081209E+00 a       608     0    25     1     8
  3.0325158616367021E+00 a       609     0    25     1     9
  1.3872532282974457E+00 a       610     0    25     1    10
 -9.3129514212879592E+00 a       611     0    25     1    11
  1.8762380853737439E+00 a       612     0    25     1    12
  4.4246494018460796E+00 a       613     0    25     1    13
 -3.1075954094126407E-02 a       614     0    25     1    14
  5.5063939206679444E-02 a       615     0    25     1    15
 -5.8992494779464966E-01 a       616     0    25     1    16
 -1.9243088077079979E+00 a       617     0    25     1    17
 -1.5141212714909651E+00 a       618     0    25     1    18
  1.9259782349424288E-02 a       619     0    25     1    19
 -6.4412219435277651E-01 a       620     0    25     1    20
  3.0941320570127053E+00 a       621     0    25     1    21
  7.5493612202534299E-01 a       622     0    25     1    22
 -9.4043499187004453E-01 a       623     0    25     1    23
  6.4174091705484564E+00 a       624     0    25     1    24
 -2.8755073316292323E+00 a       625     0    25     1    25
 -1.7180395732864162E+00 a       626     0    26     1     1
  9.3010687618364507E-01 a       627     0    26     1     2
 -1.4580272220587209E+00 a       628     0    26     1     3
 -1.0384339812130592E+00 a       629     0    26     1     4
 -8.0130999544845682E-01 a       630     0    26     1     5
  3.6174557481829828E-01 a       631     0    26     1     6
  3.9345215808294837E-01 a       632     0    26     1     7
  2.4743063888155259E+00 a       633     0    26     1     8
 -1.3715944471020569E+00 a       634     0    26     1     9
 -5.1681043163543983E-01 a       635     0    26     1    10
  4.1474340854722636E+00 a       636     0    26     1    11
 -8.4189858679282137E-01 a       637     0    26     1    12
 -1.9615939258269544E+00 a       638     0    26     1    13
  6.0438848869136565E-02 a       639     0    26     1    14
 -2.1493411219888187E-01 a       640     0    26     1    15
  2.4329745101350178E-01 a       641     0    26     1    16
  4.7093308531602712E-01 a       642     0    26     1    17
  6.6585476264818333E-01 a       643     0    26     1    18
  1.1839280646583714E-01 a       644     0    26     1    19
  2.9994280881125757E-01 a       645     0    26     1    20
 -1.3571001068542994E+00 a       646     0    26     1    21
 -1.4944559201573546E-01 a       647     0    26     1    22
  4.4653002630650163E-01 a       648     0    26     1    23
 -3.0051273892340844E+00 a       649     0    26     1    24
  1.2606061635681856E+00 a       650     0    26     1    25
  4.4818395235255981E-01 b       651     1     1
 -2.0940249358771645E-02 b       652     1     2
 -3.2373795074267375E-01 b       653     1     3
  1.3326003267887128E-03 b       654     1     4
 -1.0422495276764712E-02 b       655     1     5
 -1.7742049340787910E-01 b       656     1     6
  2.9102591272822875E-01 b       657     1     7
 -2.0894825666870159E-01 b       658     1     8
  1.1189499534669134E-03 b       659     1     9
  3.1769702167878916E-02 b       660     1    10
 -9.3641964353661969E-02 b       661     1    11
  2.9904849855231186E-01 b       662     1    12
 -3.3176743057184122E-01 b       663     1    13
  2.2639784875009616E-01 b       664     1    14
 -4.4035969874706066E-02 b       665     1    15
 -3.1413280263719923E-01 b       666     1    16
 -2.4975503128693333E-01 b       667     1    17
 -7.8665220117249568E-01 b       668     1    18
  2.5632839796451712E-01 b       669     1    19
 -2.1283124537680779E-02 b       670     1    20
  4.2749944211737029E-01 b       671     1    21
  1.0393073859029470E-01 b       672     1    22
  1.7618156954846204E-01 b       673     1    23
 -5.1248501101820065E-01 b       674     1    24
 -2.0210834174449815E-01 b       675     1    25
  5.8393922757990428E-02 a       676     1     1     2     1
  8.1537221608550134E-02 a       677     1     1     2     2
  1.0547412685634523E-01 a       678     1     1     2     3
  2.0269877603155281E-01 a       679     1     1     2     4
  2.8498470310894941E-01 a       680     1     1     2     5
  3.6580278654394782E-01 a       681     1     1     2     6
 -9.9592799472086846E-01 a       682     1     1     2     7
 -4.2696735356994575E-01 a       683     1     1     2     8
  2.4397254725298956E-01 a       684     1     1     2     9
  4.8555578923621562E-01 a       685     1     1     2    10
  6.2763871182855491E-01 a       686     1     1     2    11
 -1.4472328070282153E-01 a       687     1     1     2    12
  1.2205030140812396E+00 a       688     1     1     2    13
  4.6657787272374268E-02 a       689     1     1     2    14
  4.6982467288736779E-01 a       690     1     1     2    15
 -8.2491216401785292E-02 a       691     1     1     2    16
 -8.7885050713823720E-01 a       692     1     1     2    17
  1.8481427228284689E-01 a       693     1     1     2    18
 -7.6862593848501148E-01 a       694     1     1     2    19
 -1.7914431404392733E-01 a       695     1     1     2    20
  5.2761003497468351E-01 a       696     1     1     2    21
  3.2166912646035650E-01 a       697     1     1     2    22
  2.9087693354045518E-01 a       698     1     1     2    23
  3.1661369364961062E-01 a       699     1     1     2    24
 -4.5897994941124132E-01 a       700     1     1     2    25
 -5.3013208549336027E-02 a       701     1     2     2     1
 -3.9999743246444763E-01 a       702     1     2     2     2
  3.0285418062483646E-03 a       703     1     2     2     3
  5.2415952723217932E-02 a       704     1     2     2     4
 -2.8501423663497605E-01 a       705     1     2     2     5
 -3.5430005554330646E-01 a       706     1     2     2     6
  8.9927724048446878E-01 a       707     1     2     2     7
 -1.1541755602155399E-01 a       708     1     2     2     8
  4.1305190923221408E-02 a       709     1     2     2     9
  1.3208272115738298E+00 a       710     1     2     2    10
  6.4564905274137385E-01 a       711     1     2     2    11
 -6.2769266599998530E-01 a       712     1     2     2    12
  1.3438282451153112E+00 a       713     1     2     2    13
  1.5416543519759993E+00 a       714     1     2     2    14
 -2.4878194511392324E-01 a       715     1     2     2    15
  9.2231513291691644E-02 a       716     1     2     2    16
 -9.1730547523809578E-03 a       717     1     2     2    17
  1.3577695481515026E-01 a       718     1     2     2    18
 -4.0696606828778392E-01 a       719     1     2     2    19
  8.8751596406416067E-01 a       720     1     2     2    20
  3.8932706580213539E-01 a       721     1     2     2    21
  6.1768979127615742E-01 a       722     1     2     2    22
 -3.1377406105368022E-01 a       723     1     2     2    23
 -6.0613906284174318E-02 a       724     1     2     2    24
  6.4157888152242759E-01 a       725     1     2     2    25
 -3.5948444098841231E-01 a       726     1     3     2     1
 -2.4028974364729827E-01 a       727     1     3     2     2
  7.9688316845336546E-02 a       728     1     3     2     3
 -7.0629743484748420E-01 a       729     1     3     2     4
  1.2793506615002342E-01 a       730     1     3     2     5
 -1.6485941748328706E-01 a       731     1     3     2     6
  1.1619712886118172E+00 a       732     1     3     2     7
 -1.1979025303712480E-01 a       733     1     3     2     8
  2.4910947627203497E-02 a       734     1     3     2     9
  1.0926614937230208E+00 a       735     1     3     2    10
 -2.8083831393738556E-01 a       736     1     3     2    11
  1.3465444196768842E-01 a       737     1     3     2    12
 -3.5611333422968555E-01 a       738     1     3     2    13
  1.5978272262812004E-01 a       739     1     3     2    14
 -2.9998160397323093E-01 a       740     1     3     2    15
 -6.2607917300202501E-02 a       741     1     3     2    16
  1.1754035034922163E+00 a       742     1     3     2    17
  1.1555387327980779E-01 a       743     1     3     2    18
  9.8981397441865770E-01 a       744     1     3     2    19
  6.5714337780711440E-01 a       745     1     3     2    20
 -2.3368934103778455E-01 a       746     1     3     2    21
  1.8746499062101535E-01 a       747     1     3     2    22
 -3.0585445164413999E-01 a       748     1     3     2    23
 -1.3499755382755320E-03 a       749     1     3     2    24
 -6.0425540868086700E-02 a       750     1     3     2    25
  2.1676259951447557E-01 a       751     1     4     2     1
 -6.5647767523927411E-02 a       752     1     4     2     2
  2.0191647608809177E-01 a       753     1     4     2     3
 -5.1872144545522927E-02 a       754     1     4     2     4
  1.6004346957617954E-01 a       755     1     4     2     5
 -3.4077451482996940E-01 a       756     1     4     2     6
  4.4782561389617648E-01 a       757     1     4     2     7
 -2.7325532251316154E-01 a       758     1     4     2     8
  1.0387005207350727E-01 a       759     1     4     2     9
 -3.5441549457973653E-01 a       760     1     4     2    10
  1.1179475547901932E-02 a       761     1     4     2    11
  2.4060820530018176E-01 a       762     1     4     2    12
  2.4748374618791433E-01 a       763     1     4     2    13
 -9.9379555795644070E-01 a       764     1     4     2    14
  2.5432452232092184E-02 a       765     1     4     2    15
 -2.3861060423954802E-01 a       766     1     4     2    16
 -1.1773245342171785E+00 a       767     1     4     2    17
  7.7345089317680707E-02 a       768     1     4     2    18
 -4.5230762150028947E-01 a       769     1     4     2    19
  3.2678314726851831E-01 a       770     1     4     2    20
 -3.8081465999920849E-02 a       771     1     4     2    21
  2.1036162347891305E-01 a       772     1     4     2    22
 -3.1006206153435334E-01 a       773     1     4     2    23
 -1.3569632958398156E-01 a       774     1     4     2    24
 -4.8219296482484125E-01 a       775     1     4     2    25
  1.8483571077661954E-02 a       776     1     5     2     1
 -2.7852118275583865E-01 a       777     1     5     2     2
  1.5644864573237513E-01 a       778     1     5     2     3
  9.2354343056174501E-02 a       779     1     5     2     4
 -1.3505716276543647E-01 a       780     1     5     2     5
  3.0203634906654048E-01 a       781     1     5     2     6
 -4.4020025986180789E-01 a       782     1     5     2     7
 -5.6890172442534448E-01 a       783     1     5     2     8
 -1.2142468036560260E-01 a       784     1     5     2     9
  8.8985016028589450E-02 a       785     1     5     2    10
 -2.8344298042410460E-01 a       786     1     5     2    11
  9.6250742630461372E-01 a       787     1     5     2    12
  7.1164670900272498E-01 a       788     1     5     2    13
  5.6828731966153045E-01 a       789     1     5     2    14
 -7.3163687922139709E-01 a       790     1     5     2    15
 -3.0012623171108532E-01 a       791     1     5     2    16
  5.5560133842567994E-01 a       792     1     5     2    17
 -6.2953327136935500E-01 a       793     1     5     2    18
 -2.8390878430713895E-01 a       794     1     5     2    19
  1.7460382842781266E-01 a       795     1     5     2    20
 -3.0154541741179103E-01 a       796     1     5     2    21
  3.6571334746313738E-01 a       797     1     5     2    22
 -1.5919114674092871E-01 a       798     1     5     2    23
  7.2591850787958601E-01 a       799     1     5     2    24
  4.0043991169954446E-01 a       800     1     5     2    25
  4.5182445103905929E-03 a       801     1     6     2     1
 -3.2407457383002175E-01 a       802     1     6     2     2
  6.9917793552887478E-02 a       803     1     6     2     3
 -1.9543659698211299E-02 a       804     1     6     2     4
  7.5196471572846937E-02 a       805     1     6     2     5
 -2.0291056690661466E-01 a       806     1     6     2     6
  1.0789352413634318E-01 a       807     1     6     2     7
  1.0979420914259315E-01 a       808     1     6     2     8
  1.3391439291650128E-01 a       809     1     6     2     9
  1.9861464933991616E-02 a       810     1     6     2    10
  1.7585181634605815E-01 a       811     1     6     2    11
 -8.8715148559935272E-02 a       812     1     6     2    12
  2.2817605268520302E-01 a       813     1     6     2    13
 -3.4186352341953280E-01 a       814     1     6     2    14
  1.2526995401668700E-01 a       815     1     6     2    15
  2.3392562932822557E-02 a       816     1     6     2    16
 -7.0425852010012413E-03 a       817     1     6     2    17
  1.8955568128036493E-01 a       818     1     6     2    18
 -2.5029935484681293E-01 a       819     1     6     2    19
  8.9908945388507397E-02 a       820     1     6     2    20
  1.5138404806140132E-01 a       821     1     6     2    21
 -6.5539474315866889E-02 a       822     1     6     2    22
 -2.2982603836064291E-01 a       823     1     6     2    23
  1.4993091793561739E-01 a       824     1     6     2    24
 -2.0362190873077349E-01 a       825     1     6     2    25
  3.1191312608353460E-02 a       826     1     7     2     1
  2.1607030288480053E-01 a       827     1     7     2     2
 -1.5629299184219672E-01 a       828     1     7     2     3
  4.9894666758434142E-01 a       829     1     7     2     4
  8.7325966103448342E-03 a       830     1     7     2     5
  5.3993779594442730E-02 a       831     1     7     2     6
  6.4177828729702258E-01 a       832     1     7     2     7
 -5.7009638728175292E-02 a       833     1     7     2     8
  7.4684409597648271E-02 a       834     1     7     2     9
  9.7978242486292588E-01 a       835     1     7     2    10
  1.5777217902322491E-01 a       836     1     7     2    11
 -4.0889045037888266E-01 a       837     1     7     2    12
 -4.0465088744995859E-01 a       838     1     7     2    13
  7.1460276416837731E-01 a       839     1     7     2    14
  3.2525637784447770E-01 a       840     1     7     2    15
  2.8685251682998880E-01 a       841     1     7     2    16
  2.8154604691032664E-01 a       842     1     7     2    17
  4.6462112266948769E-01 a       843     1     7     2    18
 -3.1267665376892625E-03 a       844     1     7     2    19
 -7.2728819681682866E-01 a       845     1     7     2    20
  8.1144744340390429E-01 a       846     1     7     2    21
 -6.4364198256881100E-01 a       847     1     7     2    22
  3.3244479361058593E-02 a       848     1     7     2    23
 -2.6981830982820976E-01 a       849     1     7     2    24
 -3.6122970117755049E-01 a       850     1     7     2    25
  4.7233748737238840E-01 a       851     1     8     2     1
  1.6708154106311573E-01 a       852     1     8     2     2
  5.0941161706089022E-01 a       853     1     8     2     3
 -2.6526561107218577E-01 a       854     1     8     2     4
 -5.4234865051513603E-01 a       855     1     8     2     5
 -4.7434109887714403E-04 a       856     1     8     2     6
 -6.6682854611000553E-01 a       857     1     8     2     7
  1.8455776057165313E-01 a       858     1     8     2     8
 -3.7920770632110350E-02 a       859     1     8     2     9
 -7.2950079202504725E-01 a       860     1     8     2    10
  2.3464306430570980E-01 a       861     1     8     2    11
  1.7745985321982435E-01 a       862     1     8     2    12
 -7.1386021907630448E-01 a       863     1     8     2    13
 -3.5304312565650287E-01 a       864     1     8     2    14
  5.8559606663534336E-01 a       865     1     8     2    15
 -2.7501831187184494E-01 a       866     1     8     2    16
  3.3671891570723189E-01 a       867     1     8     2    17
  2.6620044328727954E-02 a       868     1     8     2    18
  9.3553229169279828E-02 a       869     1     8     2    19
  7.2399053982801875E-01 a       870     1     8     2    20
 -6.4380413704682393E-01 a       871     1     8     2    21
 -9.8503186133497650E-02 a       872     1     8     2    22
  1.9507078506293487E-02 a       873     1     8     2    23
  2.9233215530553836E-03 a       874     1     8     2    24
  2.9557645357292922E-01 a       875     1     8     2    25
 -2.7298851133569557E-01 a       876     1     9     2     1
  5.2846434616439029E-02 a       877     1     9     2     2
  7.3559664135669922E-01 a       878     1     9     2     3
 -2.3118156469940956E-01 a       879     1     9     2     4
 -2.4838923155536147E-01 a       880     1     9     2     5
  1.5044391919539768E-01 a       881     1     9     2     6
  3.7788756094349479E-01 a       882     1     9     2     7
  3.1740188309500461E-01 a       883     1     9     2     8
 -1.5674485772561977E-01 a       884     1     9     2     9
 -6.6091663352358998E-02 a       885     1     9     2    10
 -1.0261149089721701E-01 a       886     1     9     2    11
  4.2964130290859132E-01 a       887     1     9     2    12
 -7.2892276635640085E-01 a       888     1     9     2    13
  2.1859456771270208E-01 a       889     1     9     2    14
 -1.8694015136021886E-02 a       890     1     9     2    15
 -1.0417157258944622E-01 a       891     1     9     2    16
  7.7136357383848309E-01 a       892     1     9     2    17
 -2.6281613979499641E-01 a       893     1     9     2    18
  9.8773156039219756E-01 a       894     1     9     2    19
 -5.4762873457020210E-02 a       895     1     9     2    20
 -8.7822346051610600E-02 a       896     1     9     2    21
 -1.7880227688654890E-01 a       897     1     9     2    22
 -1.4704326823677398E-03 a       898     1     9     2    23
  3.2706730492059721E-01 a       899     1     9     2    24
  4.2514822151391390E-01 a       900     1     9     2    25
  1.1368012379345550E-01 a       901     1    10     2     1
  6.0037284092447540E-01 a       902     1    10     2     2
  5.8312945449924247E-01 a       903     1    10     2     3
 -1.1941557319599634E-01 a       904     1    10     2     4
 -6.2430684011086209E-02 a       905     1    10     2     5
  4.7310711143108330E-01 a       906     1    10     2     6
  3.5252320008058696E-01 a       907     1    10     2     7
  2.2037326377044014E-01 a       908     1    10     2     8
 -1.9452576220639181E-01 a       909     1    10     2     9
 -2.7142330114272695E-01 a       910     1    10     2    10
  2.8006459867338762E-01 a       911     1    10     2    11
  9.9586727098512184E-02 a       912     1    10     2    12
  1.8390301208129409E-01 a       913     1    10     2    13
  1.4156642964156069E-01 a       914     1    10     2    14
  3.6450625986325652E-01 a       915     1    10     2    15
 -4.3442245175354072E-01 a       916     1    10     2    16
 -8.4805111746183082E-01 a       917     1    10     2    17
 -2.8609944090993428E-01 a       918     1    10     2    18
 -1.3019965932138093E+00 a       919     1    10     2    19
 -5.6021240327287503E-01 a       920     1    10     2    20
 -2.5597199361883521E-01 a       921     1    10     2    21
  1.9425661549148779E-02 a       922     1    10     2    22
 -1.1388897454164514E-02 a       923     1    10     2    23
  3.7302340971458799E-02 a       924     1    10     2    24
  1.0049916213458836E-01 a       925     1    10     2    25
  1.6523042583555483E-02 a       926     1    11     2     1
  5.5691904338409548E-01 a       927     1    11     2     2
  2.6167659557849793E-01 a       928     1    11     2     3
 -9.8138459160288039E-01 a       929     1    11     2     4
  1.1788576650238601E-01 a       930     1    11     2     5
 -4.6513083182242426E-01 a       931     1    11     2     6
  1.4117418867756112E-01 a       932     1    11     2     7
  4.3242855467878827E-01 a       933     1    11     2     8
  3.0647946829835699E-02 a       934     1    11     2     9
 -4.8189251420534945E-01 a       935     1    11     2    10
  1.1539401850132741E-01 a       936     1    11     2    11
  3.8166150008883348E-01 a       937     1    11     2    12
  1.1301825166951658E+00 a       938     1    11     2    13
  1.1301706706857252E-01 a       939     1    11     2    14
  5.8149129202386918E-01 a       940     1    11     2    15
  4.6805523655877640E-01 a       941     1    11     2    16
 -7.6300847029047636E-01 a       942     1    11     2    17
  3.6481546641861740E-01 a       943     1    11     2    18
  2.5353539783448548E-01 a       944     1    11     2    19
 -3.8987185529662527E-01 a       945     1    11     2    20
  2.6933294708624766E-01 a       946     1    11     2    21
  6.5473261275927086E-01 a       947     1    11     2    22
 -4.0479657155984831E-02 a       948     1    11     2    23
  8.5926873774505996E-01 a       949     1    11     2    24
  1.0047338139213861E-01 a       950     1    11     2    25
  2.0912913378352807E-01 a       951     1    12     2     1
 -3.1972223328978672E-01 a       952     1    12     2     2
 -7.3454672829618062E-01 a       953     1    12     2     3
  4.3764418409196888E-04 a       954     1    12     2     4
  1.1825395860822639E-01 a       955     1    12     2     5
 -2.0146094266453332E-01 a       956     1    12     2     6
  5.2043007332455105E-01 a       957     1    12     2     7
 -4.2524268376379445E-02 a       958     1    12     2     8
 -1.0998794814884914E-01 a       959     1    12     2     9
  1.4118921064142136E+00 a       960     1    12     2    10
  3.8529736790499247E-01 a       961     1    12     2    11
 -5.7604136083357604E-01 a       962     1    12     2    12
  4.4478832206884722E-01 a       963     1    12     2    13
  2.4961534489299289E-01 a       964     1    12     2    14
 -3.0152707276764856E-01 a       965     1    12     2    15
  2.0423417106535857E-01 a       966     1    12     2    16
 -1.0340848387002473E+00 a       967     1    12     2    17
  4.6696532056084072E-01 a       968     1    12     2    18
 -7.6607827215669810E-01 a       969     1    12     2    19
 -3.4396668121739216E-01 a       970     1    12     2    20
  5.1692179265812987E-01 a       971     1    12     2    21
  4.8828945264757412E-01 a       972     1    12     2    22
 -2.3462487673193674E-01 a       973     1    12     2    23
 -4.8795085836436808E-01 a       974     1    12     2    24
 -4.0786671197640462E-01 a       975     1    12     2    25
  3.7893681269836393E-01 a       976     1    13     2     1
  6.0833726874645622E-01 a       977     1    13     2     2
  1.9251817906011404E-01 a       978     1    13     2     3
  5.1148399415127732E-01 a       979     1    13     2     4
  5.9922541193829382E-01 a       980     1    13     2     5
 -1.4654421925653927E-01 a       981     1    13     2     6
 -1.6233928534994654E-01 a       982     1    13     2     7
  1.5216559076671232E-01 a       983     1    13     2     8
  3.3520958451692334E-01 a       984     1    13     2     9
 -1.1024272282227154E+00 a       985     1    13     2    10
 -4.4628858561513945E-01 a       986     1    13     2    11
  4.4675320670363122E-01 a       987     1    13     2    12
  1.0599169278020568E+00 a       988     1    13     2    13
 -3.5008098509625085E-01 a       989     1    13     2    14
  1.1213159070895019E-02 a       990     1    13     2    15
  1.8835468930019503E-01 a       991     1    13     2    16
  9.6763875141732381E-01 a       992     1    13     2    17
 -3.9016174130618342E-01 a       993     1    13     2    18
 -4.7770910759955226E-01 a       994     1    13     2    19
 -3.8363645440331207E-01 a       995     1    13     2    20
  5.3133413107038241E-01 a       996     1    13     2    21
 -1.0696992016062760E-01 a       997     1    13     2    22
 -9.1889725947979131E-02 a       998     1    13     2    23
 -4.4198813592147490E-01 a       999     1    13     2    24
  8.9363688922857887E-01 a      1000     1    13     2    25
  1.4227176654556659E-01 a      1001     1    14     2     1
  4.3525891982365322E-01 a      1002     1    14     2     2
  7.9635397662587137E-01 a      1003     1    14     2     3
  1.5311897940338626E-02 a      1004     1    14     2     4
 -6.7568945244568121E-02 a      1005     1    14     2     5
 -1.8039077120787303E-01 a      1006     1    14     2     6
  1.6416487115816101E+00 a      1007     1    14     2     7
  1.2242027151198895E-01 a      1008     1    14     2     8
  6.1246548886014540E-01 a      1009     1    14     2     9
 -2.5393339485901060E-02 a      1010     1    14     2    10
 -1.2339194732532827E-01 a      1011     1    14     2    11
 -1.5408801254203100E-01 a      1012     1    14     2    12
 -5.7081133493304592E-01 a      1013     1    14     2    13
  5.6291761348674330E-01 a      1014     1    14     2    14
  3.1612595094910639E-01 a      1015     1    14     2    15
 -1.1396316538845497E-01 a      1016     1    14     2    16
 -1.6562646960933450E-01 a      1017     1    14     2    17
  4.4432739174574254E-01 a      1018     1    14     2    18
 -1.1423711533776710E+00 a      1019     1    14     2    19
 -6.0888188879580041E-01 a      1020     1    14     2    20
 -8.9084384072511708E-02 a      1021     1    14     2    21
 -4.7165325669950625E-01 a      1022     1    14     2    22
 -2.7184626312069204E-01 a      1023     1    14     2    23
 -5.7539887112406973E-01 a      1024     1    14     2    24
 -1.0092293733438755E-01 a      1025     1    14     2    25
  6.6992279772882801E-01 a      1026     1    15     2     1
  1.8024666709432607E-01 a      1027     1    15     2     2
  3.3796854830574008E-01 a      1028     1    15     2     3
 -1.0936120368035490E-01 a      1029     1    15     2     4
  8.5865461778864283E-02 a      1030     1    15     2     5
 -1.9720279670182864E-01 a      1031     1    15     2     6
  1.2804847211549908E+00 a      1032     1    15     2     7
  4.3587055501686400E-02 a      1033     1    15     2     8
  5.3866198566493984E-01 a      1034     1    15     2     9
  6.7195763326150904E-01 a      1035     1    15     2    10
 -1.4064361062020531E-01 a      1036     1    15     2    11
  2.7426572637692453E-01 a      1037     1    15     2    12
 -2.4265891680267793E-01 a      1038     1    15     2    13
 -1.9626314315375818E-02 a      1039     1    15     2    14
  2.1419231193402367E-02 a      1040     1    15     2    15
 -3.1094774929416052E-01 a      1041     1    15     2    16
 -3.7092790367759509E-01 a      1042     1    15     2    17
 -4.3110070982224132E-03 a      1043     1    15     2    18
 -1.2904721950542233E-01 a      1044     1    15     2    19
 -2.1827527878900435E-01 a      1045     1    15     2    20
  4.9904886743385740E-01 a      1046     1    15     2    21
 -3.0627932303942829E-01 a      1047     1    15     2    22
 -2.8841440118493650E-01 a      1048     1    15     2    23
  3.2109819384215192E-02 a      1049     1    15     2    24
  9.1166967781016850E-01 a      1050     1    15     2    25
  1.4252618873982506E-01 a      1051     1    16     2     1
 -6.2793568100001929E-01 a      1052     1    16     2     2
 -1.2801312859568252E+00 a      1053     1    16     2     3
 -4.9328493141532720E-01 a      1054     1    16     2     4
  4.2947419683665855E-01 a      1055     1    16     2     5
  3.1641772713206381E-02 a      1056     1    16     2     6
 -5.6633840146359726E-01 a      1057     1    16     2     7
  3.5751991844002073E-01 a      1058     1    16     2     8
 -2.5306729961683894E-01 a      1059     1    16     2     9
 -4.4671220061420547E-01 a      1060     1    16     2    10
  5.7831077885405602E-01 a      1061     1    16     2    11
  6.6182414062039563E-01 a      1062     1    16     2    12
  8.8164930828205076E-02 a      1063     1    16     2    13
 -1.2121829245061261E-01 a      1064     1    16     2    14
  2.7988289733826394E-01 a      1065     1    16     2    15
 -1.6230027130212052E-01 a      1066     1    16     2    16
 -1.1079973473661839E-01 a      1067     1    16     2    17
 -3.7177622019162304E-01 a      1068     1    16     2    18
  1.8590868482025129E+00 a      1069     1    16     2    19
 -1.8445632232698772E-01 a      1070     1    16     2    20
 -5.7598761315069906E-02 a      1071     1    16     2    21
 -1.9093330844202594E-01 a      1072     1    16     2    22
  6.3776504546783352E-02 a      1073     1    16     2    23
  9.8804804827098469E-02 a      1074     1    16     2    24
 -1.0409229886124031E-01 a      1075     1    16     2    25
 -1.6673595290390678E-01 a      1076     1    17     2     1
  3.0400214248850538E-01 a      1077     1    17     2     2
  1.9946537630575706E-01 a      1078     1    17     2     3
 -1.7441053925458502E-01 a      1079     1    17     2     4
 -4.0334626122362971E-01 a      1080     1    17     2     5
  4.6998167589559148E-01 a      1081     1    17     2     6
  4.7192367507554867E-01 a      1082     1    17     2     7
  9.6059385610820835E-02 a      1083     1    17     2     8
 -3.1913402046743944E-01 a      1084     1    17     2     9
  1.6927082688367824E-02 a      1085     1    17     2    10
  4.2618852000368490E-01 a      1086     1    17     2    11
 -4.3144736762076680E-01 a      1087     1    17     2    12
  1.9980312219089372E-01 a      1088     1    17     2    13
  8.0030556209619175E-01 a      1089     1    17     2    14
  1.1431348821086974E-02 a      1090     1    17     2    15
  7.1718095828187750E-02 a      1091     1    17     2    16
 -1.5686089521300270E-01 a      1092     1    17     2    17
 -6.0504488422269333E-02 a      1093     1    17     2    18
 -1.0020628849184818E+00 a      1094     1    17     2    19
 -2.9068623794929871E-01 a      1095     1    17     2    20
  5.9187061211827943E-02 a      1096     1    17     2    21
  3.3607327086263455E-01 a      1097     1    17     2    22
 -2.1802859371150368E-01 a      1098     1    17     2    23
 -1.9750646624911085E-02 a      1099     1    17     2    24
 -6.7476955104371095E-01 a      1100     1    17     2    25
 -1.5435883668554970E-01 a      1101     1    18     2     1
 -2.5602625149374642E-01 a      1102     1    18     2     2
 -2.0867422730529164E-01 a      1103     1    18     2     3
  5.5449141790037926E-01 a      1104     1    18     2     4
  2.4800571862179918E-01 a      1105     1    18     2     5
  8.9056797570948379E-02 a      1106     1    18     2     6
 -1.2254717943174853E+00 a      1107     1    18     2     7
 -4.7156340696922050E-01 a      1108     1    18     2     8
  1.2388159819876639E-01 a      1109     1    18     2     9
  1.0249170080753414E-01 a      1110     1    18     2    10
  5.0908974122562423E-01 a      1111     1    18     2    11
 -8.3095196710670771E-01 a      1112     1    18     2    12
 -2.8183273221247432E-02 a      1113     1    18     2    13
  6.4621769725458211E-01 a      1114     1    18     2    14
 -6.2668447297765436E-03 a      1115     1    18     2    15
  2.0221696450723373E-01 a      1116     1    18     2    16
  5.2481324068457291E-01 a      1117     1    18     2    17
 -5.0240213948683672E-02 a      1118     1    18     2    18
 -2.8324825555239802E-01 a      1119     1    18     2    19
  6.2566817692009155E-02 a      1120     1    18     2    20
  2.9154155028709089E-01 a      1121     1    18     2    21
 -2.0997734623607958E-01 a      1122     1    18     2    22
 -5.1553955214708780E-01 a      1123     1    18     2    23
  5.1185276949494263E-01 a      1124     1    18     2    24
  6.9160068200291780E-01 a      1125     1    18     2    25
  1.2373160076126971E-01 a      1126     1    19     2     1
  3.5164345448685623E-02 a      1127     1    19     2     2
  5.6274418093838596E-01 a      1128     1    19     2     3
  1.7811555367474580E-01 a      1129     1    19     2     4
 -3.1597621147941546E-01 a      1130     1    19     2     5
  1.1708281801391938E-01 a      1131     1    19     2     6
 -5.1935596061306233E-01 a      1132     1    19     2     7
  1.1951617691556883E-01 a      1133     1    19     2     8
  2.1596566424956631E-01 a      1134     1    19     2     9
 -2.0756956121079273E-01 a      1135     1    19     2    10
  3.6226730424057180E-01 a      1136     1    19     2    11
  5.9691919246723613E-01 a      1137     1    19     2    12
 -1.2548872320274540E+00 a      1138     1    19     2    13
 -2.4981178074282646E-02 a      1139     1    19     2    14
  3.2543877475829597E-01 a      1140     1    19     2    15
  1.8323492812949588E-01 a      1141     1    19     2    16
 -4.1580703660116403E-01 a      1142     1    19     2    17
  2.3983650809050941E-01 a      1143     1    19     2    18
  6.9922418801517505E-01 a      1144     1    19     2    19
  4.2692591564309690E-01 a      1145     1    19     2    20
  5.3662576467896050E-01 a      1146     1    19     2    21
 -3.3068407984962639E-01 a      1147     1    19     2    22
  8.2013971120093690E-02 a      1148     1    19     2    23
  2.5864560556097593E-01 a      1149     1    19     2    24
  5.2466486225680609E-01 a      1150     1    19     2    25
 -3.5488360866621177E-01 a      1151     1    20     2     1
 -2.2280153843670578E-01 a      1152     1    20     2     2
  7.2186798374822658E-01 a      1153     1    20     2     3
  1.0836702241108847E-03 a      1154     1    20     2     4
  3.1834856096145409E-01 a      1155     1    20     2     5
 -6.4567565872491128E-02 a      1156     1    20     2     6
 -5.4225816103748548E-01 a      1157     1    20     2     7
  1.5000199284599791E-01 a      1158     1    20     2     8
 -2.9139500969306409E-01 a      1159     1    20     2     9
 -6.1554027199052307E-02 a      1160     1    20     2    10
  7.7644814496099321E-02 a      1161     1    20     2    11
 -1.8771063553968526E-01 a      1162     1    20     2    12
  1.2556918426568817E-01 a      1163     1    20     2    13
 -1.0588328445988477E+00 a      1164     1    20     2    14
  2.1048788497162021E-01 a      1165     1    20     2    15
 -3.2122846334228050E-01 a      1166     1    20     2    16
  4.5282360240112912E-01 a      1167     1    20     2    17
  1.2507361675713799E-01 a      1168     1    20     2    18
 -8.4866544725862958E-01 a      1169     1    20     2    19
  4.4794871188401864E-01 a      1170     1    20     2    20
  2.8140172362692537E-02 a      1171     1    20     2    21
 -4.0564459145430548E-01 a      1172     1    20     2    22
 -1.9891327048178722E-01 a      1173     1    20     2    23
 -1.6622519457960155E-01 a      1174     1    20     2    24
  3.8651623200760021E-01 a      1175     1    20     2    25
  1.4958042928849910E-01 a      1176     1    21     2     1
  5.6732967431767778E-01 a      1177     1    21     2     2
 -1.9904361839523357E-01 a      1178     1    21     2     3
  3.1619768495885248E-01 a      1179     1    21     2     4
  1.8977616787787446E-01 a      1180     1    21     2     5
  1.1291273419337657E-01 a      1181     1    21     2     6
 -1.6028727994415770E-01 a      1182     1    21     2     7
 -1.9639358081586286E-01 a      1183     1    21     2     8
  2.9850391128586595E-01 a      1184     1    21     2     9
 -1.8557952536064515E-01 a      1185     1    21     2    10
 -4.8036517630157882E-01 a      1186     1    21     2    11
 -4.7996288154247380E-01 a      1187     1    21     2    12
  2.2727087729006853E-01 a      1188     1    21     2    13
 -2.9701594413696736E-01 a      1189     1    21     2    14
  2.2586164539227467E-02 a      1190     1    21     2    15
  2.1428586457963247E-01 a      1191     1    21     2    16
 -2.2363220147349629E-02 a      1192     1    21     2    17
 -2.5826955844547245E-01 a      1193     1    21     2    18
 -3.6886786569135110E-01 a      1194     1    21     2    19
  6.8765300348075198E-01 a      1195     1    21     2    20
  6.7364517592145723E-01 a      1196     1    21     2    21
  2.0965168450604435E-01 a      1197     1    21     2    22
  4.1215409010766785E-01 a      1198     1    21     2    23
  2.3650463568081093E-02 a      1199     1    21     2    24
  1.1002142108201447E+00 a      1200     1    21     2    25
  1.0163564445259202E-01 a      1201     1    22     2     1
  4.3759780719271241E-01 a      1202     1    22     2     2
 -3.7615149620775273E-01 a      1203     1    22     2     3
  3.9369752159545429E-01 a      1204     1    22     2     4
  2.6799408798220142E-01 a      1205     1    22     2     5
 -9.7521538804851236E-03 a      1206     1    22     2     6
 -1.3404602020010831E-02 a      1207     1    22     2     7
 -8.7054858210702607E-02 a      1208     1    22     2     8
 -5.2636948436783426E-01 a      1209     1    22     2     9
  4.9559208079870376E-01 a      1210     1    22     2    10
  2.5447824024634613E-01 a      1211     1    22     2    11
 -4.4755509245833873E-02 a      1212     1    22     2    12
  4.1959501049359171E-01 a      1213     1    22     2    13
  2.4062541338834995E-01 a      1214     1    22     2    14
  1.7833027157232467E-01 a      1215     1    22     2    15
  1.3901231726435243E-01 a      1216     1    22     2    16
 -9.4525546568635516E-02 a      1217     1    22     2    17
  2.7394340175724152E-01 a      1218     1    22     2    18
  1.4225689615280343E-01 a      1219     1    22     2    19
 -1.2210826439883422E+00 a      1220     1    22     2    20
 -1.5954718921697375E-01 a      1221     1    22     2    21
  2.1766364541324804E-01 a      1222     1    22     2    22
  6.4008360768371575E-02 a      1223     1    22     2    23
  1.9028651121977996E-01 a      1224     1    22     2    24
 -2.9430445051282361E-01 a      1225     1    22     2    25
 -1.4060641317989905E-01 a      1226     1    23     2     1
  5.6349481706014992E-01 a      1227     1    23     2     2
 -4.7544229921260850E-01 a      1228     1    23     2     3
 -1.9716784631252149E-01 a      1229     1    23     2     4
  1.5196856772487033E-03 a      1230     1    23     2     5
  2.0014970093926313E-01 a      1231     1    23     2     6
  2.7593048468423498E-01 a      1232     1    23     2     7
  1.7569840707286835E-01 a      1233     1    23     2     8
 -1.3672969495400306E-01 a      1234     1    23     2     9
 -7.0701646779028415E-01 a      1235     1    23     2    10
 -6.9238603655798636E-01 a      1236     1    23     2    11
  5.8602602456156294E-01 a      1237     1    23     2    12
  4.8062457544645693E-01 a      1238     1    23     2    13
  6.9274523581192227E-01 a      1239     1    23     2    14
  4.7872757394232762E-01 a      1240     1    23     2    15
  4.5833866835124909E-01 a      1241     1    23     2    16
  4.8264161577160919E-01 a      1242     1    23     2    17
 -2.0880911095231042E-01 a      1243     1    23     2    18
  1.9226647274776359E-01 a      1244     1    23     2    19
 -7.0041903349033396E-01 a      1245     1    23     2    20
  1.1352493722921295E+00 a      1246     1    23     2    21
 -2.6302775720778254E-01 a      1247     1    23     2    22
 -3.0512647015410819E-02 a      1248     1    23     2    23
  2.9510887594705110E-01 a      1249     1    23     2    24
 -3.5643956951670365E-02 a      1250     1    23     2    25
 -1.9305800647233529E-01 a      1251     1    24     2     1
 -4.0657962621684823E-01 a      1252     1    24     2     2
 -3.5826934749085193E-01 a      1253     1    24     2     3
  5.7814982204187482E-01 a      1254     1    24     2     4
  2.0427582469974592E-01 a      1255     1    24     2     5
  8.5115803854787647E-02 a      1256     1    24     2     6
  5.1931375532953772E-01 a      1257     1    24     2     7
 -1.5504888435025999E-01 a      1258     1    24     2     8
  8.3273829824737508E-02 a      1259     1    24     2     9
  4.7819470889237387E-01 a      1260     1    24     2    10
  2.3252223364473762E-01 a      1261     1    24     2    11
  7.8689772303830022E-02 a      1262     1    24     2    12
  1.8463845808370738E-01 a      1263     1    24     2    13
  1.0268164309307291E+00 a      1264     1    24     2    14
 -2.5821170220897477E-01 a      1265     1    24     2    15
 -2.1043326962449219E-02 a      1266     1    24     2    16
 -6.7386108659162502E-01 a      1267     1    24     2    17
  4.7917600275147010E-01 a      1268     1    24     2    18
  6.5662989523178816E-01 a      1269     1    24     2    19
 -2.0689697064476123E-01 a      1270     1    24     2    20
  8.5786126719182543E-01 a      1271     1    24     2    21
  1.2643651270158932E-01 a      1272     1    24     2    22
 -6.5819812018116375E-02 a      1273     1    24     2    23
  3.6043793505518867E-01 a      1274     1    24     2    24
  6.5556904541313868E-02 a      1275     1    24     2    25
  5.7066637338591443E-02 a      1276     1    25     2     1
  2.2193727090784204E-03 a      1277     1    25     2     2
  2.1378521563882830E-01 a      1278     1    25     2     3
 -2.2525642126940762E-01 a      1279     1    25     2     4
  1.3020761316641211E-01 a      1280     1    25     2     5
  6.2944117170694022E-02 a      1281     1    25     2     6
  2.4156146264677023E-01 a      1282     1    25     2     7
  7.1025253512178832E-01 a      1283     1    25     2     8
  1.5014577039288365E-01 a      1284     1    25     2     9
  3.7016235347685955E-01 a      1285     1    25     2    10
  8.0082230484817096E-01 a      1286     1    25     2    11
 -1.0843540921435677E+00 a      1287     1    25     2    12
 -3.1981492774605387E-02 a      1288     1    25     2    13
 -1.3918112887630690E-03 a      1289     1    25     2    14
  3.5208883841816313E-01 a      1290     1    25     2    15
  2.0542993065249085E-01 a      1291     1    25     2    16
  5.2233641466267966E-02 a      1292     1    25     2    17
  8.0832469371149115E-02 a      1293     1    25     2    18
 -8.8728645475727519E-01 a      1294     1    25     2    19
 -1.2920541775474801E-02 a      1295     1    25     2    20
 -4.4254099361071086E-01 a      1296     1    25     2    21
 -1.1330300454422146E-01 a      1297     1    25     2    22
 -4.6505264720217787E-01 a      1298     1    25     2    23
  3.5661068179837274E-01 a      1299     1    25     2    24
 -5.2534016484088042E-01 a      1300     1    25     2    25
  6.6181475303854687E-01 b      1301     2     1
 -1.0896741806116314E-02 b      1302     2     2
 -2.8123728045932173E-01 b      1303     2     3
 -8.2460458398254249E-02 b      1304     2     4
  6.0599803781913741E-01 b      1305     2     5
  5.1471312706333572E-01 b      1306     2     6
  2.1156833146137469E-01 b      1307     2     7
  3.0533051085699281E-01 b      1308     2     8
  1.0388826440804195E+00 b      1309     2     9
 -3.0729652536092084E-01 b      1310     2    10
  1.9455832052249217E-01 b      1311     2    11
  4.1121561922177696E-01 b      1312     2    12
 -3.3352054703642373E-02 b      1313     2    13
  5.6810093401565620E-01 b      1314     2    14
  2.1475448016401966E-01 b      1315     2    15
  4.0856988929756305E-01 b      1316     2    16
 -3.5438522637846255E-02 b      1317     2    17
 -3.9787636515653757E-01 b      1318     2    18
  3.8805983639052427E-01 b      1319     2    19
 -3.5004774986124720E-01 b      1320     2    20
 -2.0603026647196288E-01 b      1321     2    21
 -3.3968449306318099E-01 b      1322     2    22
  1.5667102110224906E+00 b      1323     2    23
  8.1274403919408780E-02 b      1324     2    24
  3.8198308359242067E-01 b      1325     2    25
 -1.5760665992641210E-01 a      1326     2     1     3     1
  7.1447518067914648E-02 a      1327     2     2     3     1
 -1.0330593642684946E-01 a      1328     2     3     3     1
 -1.2597248261159741E-01 a      1329     2     4     3     1
 -1.9380607455524659E-01 a      1330     2     5     3     1
 -2.3350518134199594E-01 a      1331     2     6     3     1
 -8.9802464718923784E-03 a      1332     2     7     3     1
 -1.0378340876014029E-01 a      1333     2     8     3     1
 -2.2728634848050858E-01 a      1334     2     9     3     1
 -1.2442370997087512E-01 a      1335     2    10     3     1
  1.2538097040684948E-01 a      1336     2    11     3     1
 -9.9872846708131777E-02 a      1337     2    12     3     1
  5.6833166155213305E-02 a      1338     2    13     3     1
 -7.7504255220010752E-03 a      1339     2    14     3     1
 -2.7901311070618967E-01 a      1340     2    15     3     1
 -2.7969455697198981E-01 a      1341     2    16     3     1
 -5.4926475824469252E-02 a      1342     2    17     3     1
  2.2887754637355920E-01 a      1343     2    18     3     1
 -1.2391308505942469E-02 a      1344     2    19     3     1
 -5.2596236834028108E-02 a      1345     2    20     3     1
  8.3579868666992921E-02 a      1346     2    21     3     1
 -2.2761806878367927E-01 a      1347     2    22     3     1
 -1.5017499563556642E+00 a      1348     2    23     3     1
  7.9991778266606750E-02 a      1349     2    24     3     1
  8.8666486191019855E-02 a      1350     2    25     3     1
 -8.8947976337709689E-01 b      1351     3     1
