################################################################################
# Neural network connection values (weights and biases).
################################################################################
# Col  Name       Description
################################################################################
# 1    connection Neural network connection value.
# 2    t          Connection type (a = weight, b = bias).
# 3    index      Index enumerating weights.
# 4    l_s        Starting point layer (end point layer for biases).
# 5    n_s        Starting point neuron in starting layer (end point neuron for biases).
# 6    l_e        End point layer.
# 7    n_e        End point neuron in end layer.
################################################################################
#                      1 2         3     4     5     6     7
#             connection t     index   l_s   n_s   l_e   n_e
############################################################
  4.8303569475003666E-01 a         1     0     1     1     1
  1.1440845314983499E-02 a         2     0     1     1     2
  1.7616942587513891E+00 a         3     0     1     1     3
 -9.3861119125838066E-01 a         4     0     1     1     4
 -1.4027378273289406E+00 a         5     0     1     1     5
  7.0223325839788773E+00 a         6     0     1     1     6
  3.4915647955000666E+00 a         7     0     1     1     7
  1.9503200075295914E+00 a         8     0     1     1     8
 -5.1814291701154431E+00 a         9     0     1     1     9
 -6.3585876546145714E+00 a        10     0     1     1    10
 -3.2379443427597026E+00 a        11     0     1     1    11
  3.2098051814622452E-01 a        12     0     1     1    12
 -7.9207810135639960E+00 a        13     0     1     1    13
 -3.4148550356935745E+00 a        14     0     1     1    14
 -3.4260141154222024E+00 a        15     0     1     1    15
 -1.0831768220093649E+00 a        16     0     1     1    16
  4.2010488932010883E+00 a        17     0     1     1    17
 -8.9336437500557164E-01 a        18     0     1     1    18
 -2.1629343072824110E+00 a        19     0     1     1    19
  9.2156653909301167E-01 a        20     0     1     1    20
  3.0832375161132091E+00 a        21     0     1     1    21
  7.6288870609272053E-01 a        22     0     1     1    22
  8.2883129773178688E+00 a        23     0     1     1    23
  1.2363025938648127E+00 a        24     0     1     1    24
  2.3990867083316392E-01 a        25     0     1     1    25
  1.0440574339186233E+00 a        26     0     2     1     1
  2.7314774115834328E-01 a        27     0     2     1     2
 -9.9905396230654608E-01 a        28     0     2     1     3
  2.8064078298866557E-01 a        29     0     2     1     4
 -1.1372583362490872E-01 a        30     0     2     1     5
 -1.4060826643809194E+00 a        31     0     2     1     6
 -1.8639074822929975E+00 a        32     0     2     1     7
  4.6106424052950075E-02 a        33     0     2     1     8
  1.1551030423537685E+00 a        34     0     2     1     9
  6.8586694336372167E-01 a        35     0     2     1    10
 -9.9858617979949960E-01 a        36     0     2     1    11
 -4.3893990373673714E-01 a        37     0     2     1    12
  1.7630020655326388E+00 a        38     0     2     1    13
  5.7851428270085026E-01 a        39     0     2     1    14
  5.8917897953058809E-02 a        40     0     2     1    15
 -1.1684618580002750E+00 a        41     0     2     1    16
 -1.5146753362385841E+00 a        42     0     2     1    17
 -3.8726327937822608E-01 a        43     0     2     1    18
  8.2159127237101648E-01 a        44     0     2     1    19
  2.3919941086645108E-01 a        45     0     2     1    20
  6.8580871294221823E-01 a        46     0     2     1    21
  2.9083176100762664E-01 a        47     0     2     1    22
 -3.0472753785768183E+00 a        48     0     2     1    23
  2.2381683960714005E-01 a        49     0     2     1    24
 -8.9739113204221654E-01 a        50     0     2     1    25
  6.0566801371167356E-01 a        51     0     3     1     1
 -1.8910540509485438E-01 a        52     0     3     1     2
 -2.2903799313349542E+00 a        53     0     3     1     3
  1.0374432051553870E+00 a        54     0     3     1     4
  3.7768951220036984E-01 a        55     0     3     1     5
 -5.6077212564081247E+00 a        56     0     3     1     6
 -4.3054716171892489E+00 a        57     0     3     1     7
 -7.9247645035024739E-01 a        58     0     3     1     8
  4.2153673554834254E+00 a        59     0     3     1     9
  4.3800209081424333E+00 a        60     0     3     1    10
  4.3073584390655323E-01 a        61     0     3     1    11
 -6.8895290459751113E-01 a        62     0     3     1    12
  6.5199322887994562E+00 a        63     0     3     1    13
  1.7488648322108979E+00 a        64     0     3     1    14
  1.4577572979700970E+00 a        65     0     3     1    15
 -4.4545574546058642E-01 a        66     0     3     1    16
 -3.8555530098467812E+00 a        67     0     3     1    17
 -2.0787149380753306E-01 a        68     0     3     1    18
  2.0291114319088090E+00 a        69     0     3     1    19
 -1.5019542951019985E-01 a        70     0     3     1    20
 -6.0646956385154205E-01 a        71     0     3     1    21
  1.3284099288404302E-01 a        72     0     3     1    22
 -8.1271327273367948E+00 a        73     0     3     1    23
 -3.0486441133295034E-01 a        74     0     3     1    24
 -1.1167809092848944E+00 a        75     0     3     1    25
 -8.8817855203537077E-01 a        76     0     4     1     1
 -9.4084751751168960E-01 a        77     0     4     1     2
  2.3914616910172840E-01 a        78     0     4     1     3
 -1.8345837055830103E+00 a        79     0     4     1     4
  3.2838053634456976E+00 a        80     0     4     1     5
 -2.6116673590959607E+00 a        81     0     4     1     6
  2.5906800470088003E+00 a        82     0     4     1     7
 -2.0009853723404012E+00 a        83     0     4     1     8
  3.0419337851177262E+00 a        84     0     4     1     9
  1.3199462281909871E+00 a        85     0     4     1    10
  4.5445813518385574E+00 a        86     0     4     1    11
 -1.4545658463473936E+00 a        87     0     4     1    12
  3.2197252375505996E+00 a        88     0     4     1    13
  7.4796886629450354E-01 a        89     0     4     1    14
  2.1106855399456181E+00 a        90     0     4     1    15
  7.7030658777219108E-01 a        91     0     4     1    16
 -8.4294982556281006E-01 a        92     0     4     1    17
  9.1219477519738845E-01 a        93     0     4     1    18
 -9.5529275338328556E-01 a        94     0     4     1    19
 -3.1379498540014290E+00 a        95     0     4     1    20
 -6.2146419174620107E+00 a        96     0     4     1    21
 -3.0253529759004074E+00 a        97     0     4     1    22
  2.8355799432810964E+00 a        98     0     4     1    23
 -3.6718207331831798E-01 a        99     0     4     1    24
  1.0525462145903230E+00 a       100     0     4     1    25
 -1.6058339665400405E+00 a       101     0     5     1     1
 -2.4708279354691900E+00 a       102     0     5     1     2
  1.9940037599664096E+00 a       103     0     5     1     3
  1.6063256512390636E+00 a       104     0     5     1     4
 -1.9809858706866108E+00 a       105     0     5     1     5
  5.2620529957104418E+00 a       106     0     5     1     6
  1.8844138842794185E+00 a       107     0     5     1     7
 -2.4918774959636880E-01 a       108     0     5     1     8
 -3.5060099359282373E+00 a       109     0     5     1     9
 -7.0663331928203588E-01 a       110     0     5     1    10
 -1.1585731287140166E+00 a       111     0     5     1    11
  2.2221155027730548E+00 a       112     0     5     1    12
 -4.7692112715348802E+00 a       113     0     5     1    13
 -1.8917751804520244E-01 a       114     0     5     1    14
 -5.5980809352356498E-01 a       115     0     5     1    15
  1.3313725664622267E+00 a       116     0     5     1    16
  1.9731516551309596E+00 a       117     0     5     1    17
  6.9091212484269304E-01 a       118     0     5     1    18
  1.2489607735709938E+00 a       119     0     5     1    19
  2.4080602005065233E+00 a       120     0     5     1    20
  3.9433076086962586E+00 a       121     0     5     1    21
  3.6595002703808133E+00 a       122     0     5     1    22
 -6.0424160447672182E-01 a       123     0     5     1    23
 -1.4343500396409206E+00 a       124     0     5     1    24
  1.2810368154090628E+00 a       125     0     5     1    25
  6.8107402021344510E-01 a       126     0     6     1     1
  1.9313064605265799E+00 a       127     0     6     1     2
 -1.0429596601234086E+00 a       128     0     6     1     3
 -1.7467652324327335E-01 a       129     0     6     1     4
 -2.4898831259629270E-01 a       130     0     6     1     5
 -2.3239308443075788E+00 a       131     0     6     1     6
 -2.6217681890011799E+00 a       132     0     6     1     7
  7.4602326807118513E-01 a       133     0     6     1     8
  7.4134203242993413E-01 a       134     0     6     1     9
  5.2108078170667571E-01 a       135     0     6     1    10
 -1.1468306123277070E+00 a       136     0     6     1    11
  6.1089987013875369E-01 a       137     0     6     1    12
  1.9633677963398330E+00 a       138     0     6     1    13
  5.2357174906597603E-01 a       139     0     6     1    14
  1.3557732070998235E-01 a       140     0     6     1    15
  1.7048171619495248E-01 a       141     0     6     1    16
 -1.3536381746750668E+00 a       142     0     6     1    17
 -4.3783079052145979E-01 a       143     0     6     1    18
 -4.6525163456362639E-01 a       144     0     6     1    19
 -1.3669518273743586E+00 a       145     0     6     1    20
 -9.6016316788179790E-01 a       146     0     6     1    21
 -1.2088781028169362E+00 a       147     0     6     1    22
  2.9284920898707625E-02 a       148     0     6     1    23
  1.2455993244141619E+00 a       149     0     6     1    24
 -1.3397290886047944E-01 a       150     0     6     1    25
 -4.4433627019544626E-02 a       151     0     7     1     1
 -1.3695288540138398E-01 a       152     0     7     1     2
  1.9731985869004517E-01 a       153     0     7     1     3
 -9.0343555977303230E-02 a       154     0     7     1     4
  8.4499639815653366E-02 a       155     0     7     1     5
  5.4481535237391598E-01 a       156     0     7     1     6
  8.8809307288729522E-01 a       157     0     7     1     7
 -2.7808763060740488E-01 a       158     0     7     1     8
  1.5185264580056326E-01 a       159     0     7     1     9
 -2.0308326227992948E-01 a       160     0     7     1    10
  5.0452757254811109E-01 a       161     0     7     1    11
 -7.0765686579830589E-01 a       162     0     7     1    12
 -3.9833824522257266E-01 a       163     0     7     1    13
 -4.2287278300413050E-01 a       164     0     7     1    14
 -1.4766363712867953E-01 a       165     0     7     1    15
 -3.4264718954911239E-01 a       166     0     7     1    16
  2.8801647928438973E-01 a       167     0     7     1    17
  2.4356281662139373E-01 a       168     0     7     1    18
  8.0144548025473134E-02 a       169     0     7     1    19
  4.0200606082876594E-01 a       170     0     7     1    20
  1.0674743973051050E-01 a       171     0     7     1    21
  3.8160901130325348E-01 a       172     0     7     1    22
 -1.7586578893388774E-01 a       173     0     7     1    23
 -4.9852407902803569E-01 a       174     0     7     1    24
 -3.6266548197324266E-01 a       175     0     7     1    25
 -5.7005756020176546E-02 a       176     0     8     1     1
 -9.0342333365901459E-02 a       177     0     8     1     2
  2.5612864899801205E-02 a       178     0     8     1     3
  9.4528666309014603E-02 a       179     0     8     1     4
 -4.9986186665960858E-02 a       180     0     8     1     5
 -1.4175853918040071E-02 a       181     0     8     1     6
  4.6808645440261643E-03 a       182     0     8     1     7
 -4.1199110472859145E-02 a       183     0     8     1     8
 -1.5059062586546793E-01 a       184     0     8     1     9
  7.8389876966728194E-04 a       185     0     8     1    10
 -4.4963516951213568E-02 a       186     0     8     1    11
  2.8810849174661546E-01 a       187     0     8     1    12
 -2.3386356218704368E-02 a       188     0     8     1    13
  1.8236218609670959E-01 a       189     0     8     1    14
  3.8292178806277048E-02 a       190     0     8     1    15
  1.1755708858738523E-01 a       191     0     8     1    16
 -2.9609978840713817E-02 a       192     0     8     1    17
  4.6859957285831949E-02 a       193     0     8     1    18
 -9.5339749369258570E-02 a       194     0     8     1    19
 -1.4069116091345910E-01 a       195     0     8     1    20
  1.8336169113239328E-01 a       196     0     8     1    21
 -1.6816078325276571E-01 a       197     0     8     1    22
  1.7092443606453639E-01 a       198     0     8     1    23
  1.3934436549433910E-01 a       199     0     8     1    24
  2.9796371088978174E-01 a       200     0     8     1    25
 -9.6537512998759023E-01 a       201     0     9     1     1
 -1.1107143734878139E-01 a       202     0     9     1     2
 -2.8215761388810479E+00 a       203     0     9     1     3
  2.3278609794862399E+00 a       204     0     9     1     4
  4.0226885549854821E+00 a       205     0     9     1     5
  4.5710063048543299E+00 a       206     0     9     1     6
  3.9660696409968943E+00 a       207     0     9     1     7
  6.1601060406261487E-01 a       208     0     9     1     8
 -8.9128993788161526E-01 a       209     0     9     1     9
 -1.4220677371058106E+00 a       210     0     9     1    10
  1.5087061438996368E+00 a       211     0     9     1    11
  6.2362411794944261E-01 a       212     0     9     1    12
 -2.3880458469550550E+00 a       213     0     9     1    13
  1.4999126075442937E+00 a       214     0     9     1    14
  1.2717427011895925E+00 a       215     0     9     1    15
  1.0784995291044750E+00 a       216     0     9     1    16
  6.1160104050526198E-01 a       217     0     9     1    17
  1.1390078759598325E+00 a       218     0     9     1    18
 -1.6508155581084092E+00 a       219     0     9     1    19
  1.1920599734640225E+00 a       220     0     9     1    20
 -8.0878335985960714E-01 a       221     0     9     1    21
  3.7474771622788801E+00 a       222     0     9     1    22
  1.8767090627841505E+00 a       223     0     9     1    23
 -5.1975947448851567E+00 a       224     0     9     1    24
  1.3630790027548052E+00 a       225     0     9     1    25
 -1.7803017129119492E-01 a       226     0    10     1     1
 -6.4887595342769000E-01 a       227     0    10     1     2
  4.5632085139813527E-01 a       228     0    10     1     3
  1.3662846397008757E+00 a       229     0    10     1     4
 -8.5881613982586780E-01 a       230     0    10     1     5
 -2.8579736137117586E+00 a       231     0    10     1     6
 -2.3924929964257675E+00 a       232     0    10     1     7
 -8.4718434026379597E-01 a       233     0    10     1     8
  2.1960235363348821E+00 a       234     0    10     1     9
  2.9050916959569069E+00 a       235     0    10     1    10
 -1.8454442735784789E-02 a       236     0    10     1    11
  1.2794471257576758E+00 a       237     0    10     1    12
  3.8943350553085754E+00 a       238     0    10     1    13
  1.3263414077598434E+00 a       239     0    10     1    14
  1.1159459329261003E+00 a       240     0    10     1    15
  1.4179401855606752E+00 a       241     0    10     1    16
 -1.6743541933194297E+00 a       242     0    10     1    17
  2.6899294068243540E-01 a       243     0    10     1    18
  2.3294397022684841E+00 a       244     0    10     1    19
 -1.6367766052916521E-01 a       245     0    10     1    20
 -2.6488237946914756E-01 a       246     0    10     1    21
  2.5761315223188075E-01 a       247     0    10     1    22
 -4.8522853188564854E+00 a       248     0    10     1    23
 -4.5682693744126068E-01 a       249     0    10     1    24
  3.5288933063974993E-02 a       250     0    10     1    25
  6.9000481831531135E-01 a       251     0    11     1     1
 -1.2532999098654753E+00 a       252     0    11     1     2
  4.7194197992077314E+00 a       253     0    11     1     3
 -1.8060757582419957E+00 a       254     0    11     1     4
 -5.0607686577799260E+00 a       255     0    11     1     5
 -1.8952314991511880E+00 a       256     0    11     1     6
 -9.4006887022309793E-01 a       257     0    11     1     7
 -1.3129585074141294E+00 a       258     0    11     1     8
 -1.2002026462092101E+00 a       259     0    11     1     9
 -5.2860346638644196E-01 a       260     0    11     1    10
 -3.3865829432229031E+00 a       261     0    11     1    11
  1.9493566709752377E+00 a       262     0    11     1    12
 -7.5109106235191547E-01 a       263     0    11     1    13
 -1.2664042830519988E+00 a       264     0    11     1    14
 -1.9122982028013245E+00 a       265     0    11     1    15
  7.7367813298651622E-01 a       266     0    11     1    16
  1.4437251897837591E+00 a       267     0    11     1    17
 -3.7354593890467297E-01 a       268     0    11     1    18
  1.7908043249162604E+00 a       269     0    11     1    19
 -1.4041712320471735E+00 a       270     0    11     1    20
 -2.9129659368458738E-01 a       271     0    11     1    21
 -5.5250560666908779E+00 a       272     0    11     1    22
  3.8806629372499564E+00 a       273     0    11     1    23
  5.5990491987700723E+00 a       274     0    11     1    24
 -1.1119494424265361E+00 a       275     0    11     1    25
 -9.0913072753592206E-01 a       276     0    12     1     1
  1.3783667897246459E+00 a       277     0    12     1     2
  5.8915870508034089E+00 a       278     0    12     1     3
 -3.3957164174067946E+00 a       279     0    12     1     4
 -2.5343362724541123E+00 a       280     0    12     1     5
  1.0601443204237462E+00 a       281     0    12     1     6
 -1.4454665686655338E-01 a       282     0    12     1     7
 -2.4011345066599783E+00 a       283     0    12     1     8
 -6.3169747917763370E+00 a       284     0    12     1     9
  2.1774703408887088E+00 a       285     0    12     1    10
  3.2619861108228898E-01 a       286     0    12     1    11
 -9.8164286309618953E-01 a       287     0    12     1    12
 -9.5179461510094239E+00 a       288     0    12     1    13
 -3.0197952560397980E+00 a       289     0    12     1    14
 -1.0323667070501810E+00 a       290     0    12     1    15
  8.8425305944646104E-01 a       291     0    12     1    16
 -4.3742267265452095E-01 a       292     0    12     1    17
  1.0280672488120358E-01 a       293     0    12     1    18
 -1.6150651031967986E-02 a       294     0    12     1    19
 -2.8689970116779167E+00 a       295     0    12     1    20
  3.8490498429967617E+00 a       296     0    12     1    21
 -1.8844047486586035E+00 a       297     0    12     1    22
  1.3333362530236170E+00 a       298     0    12     1    23
  2.3542993411705044E+00 a       299     0    12     1    24
 -1.1540947484008053E-02 a       300     0    12     1    25
 -3.7577148912566957E-02 a       301     0    13     1     1
  7.2414380620484564E-01 a       302     0    13     1     2
 -1.1969813089508636E+00 a       303     0    13     1     3
 -6.2572813939286753E-01 a       304     0    13     1     4
  1.1311889550318768E+00 a       305     0    13     1     5
 -6.8894205709234735E-01 a       306     0    13     1     6
 -9.5641306511594429E-02 a       307     0    13     1     7
 -9.8990542599749987E-01 a       308     0    13     1     8
  1.2900659876510983E+00 a       309     0    13     1     9
  6.8493094361384477E-01 a       310     0    13     1    10
  1.7986161445202287E+00 a       311     0    13     1    11
 -3.9738098839370600E-01 a       312     0    13     1    12
  2.1590704604290472E+00 a       313     0    13     1    13
 -1.1206170149536747E-01 a       314     0    13     1    14
  3.3429733266004846E+00 a       315     0    13     1    15
  4.1938959590960168E-01 a       316     0    13     1    16
 -3.8079714312281931E-01 a       317     0    13     1    17
 -2.2101233124687764E-01 a       318     0    13     1    18
 -1.5571079132105032E+00 a       319     0    13     1    19
 -1.6477208286330047E+00 a       320     0    13     1    20
 -2.0059069418196378E+00 a       321     0    13     1    21
 -9.1629046195432151E-01 a       322     0    13     1    22
  2.7734924195979971E-01 a       323     0    13     1    23
  3.8892473737476257E-01 a       324     0    13     1    24
 -5.3994492028127642E-04 a       325     0    13     1    25
  1.1294910340881341E+00 a       326     0    14     1     1
  1.9799324507206981E-01 a       327     0    14     1     2
 -7.8057819541740372E+00 a       328     0    14     1     3
  2.0798444299982921E+00 a       329     0    14     1     4
  4.4031806013399404E+00 a       330     0    14     1     5
 -2.2982431966979409E+00 a       331     0    14     1     6
 -1.0188578875193082E+00 a       332     0    14     1     7
  1.1743860542367583E+00 a       333     0    14     1     8
  8.7839144572316901E+00 a       334     0    14     1     9
 -1.2415848928287164E-01 a       335     0    14     1    10
  3.1319860941089215E+00 a       336     0    14     1    11
  4.1352589759937225E-01 a       337     0    14     1    12
  1.3091861878677017E+01 a       338     0    14     1    13
  2.4797671444485787E+00 a       339     0    14     1    14
  6.0808149093441406E+00 a       340     0    14     1    15
 -1.1969993626707069E-01 a       341     0    14     1    16
 -1.4264133489288393E+00 a       342     0    14     1    17
 -1.1222305513564570E+00 a       343     0    14     1    18
 -1.5501414596174306E+00 a       344     0    14     1    19
  7.9378903248850152E-01 a       345     0    14     1    20
 -7.0126106441311791E+00 a       346     0    14     1    21
  5.9755180881141257E-01 a       347     0    14     1    22
 -8.2389059472828652E-01 a       348     0    14     1    23
 -2.3385739198365250E+00 a       349     0    14     1    24
  3.0264450408438143E-01 a       350     0    14     1    25
 -2.2700845766705022E+00 a       351     0    15     1     1
 -3.6859907214823145E-01 a       352     0    15     1     2
  1.5599951668896108E+00 a       353     0    15     1     3
 -3.0387221750562068E+00 a       354     0    15     1     4
  3.1954199220824457E+00 a       355     0    15     1     5
  2.3949113580642392E+00 a       356     0    15     1     6
  2.2365594585866136E-01 a       357     0    15     1     7
  3.5139512321297506E+00 a       358     0    15     1     8
 -1.8342033621617098E+00 a       359     0    15     1     9
 -4.0555343296248891E-01 a       360     0    15     1    10
 -1.0014411255419566E+00 a       361     0    15     1    11
 -2.3326426013065942E+00 a       362     0    15     1    12
 -2.8882829570960187E+00 a       363     0    15     1    13
  2.1069835413787956E+00 a       364     0    15     1    14
 -3.9894978975072415E+00 a       365     0    15     1    15
 -1.3918111277390068E+00 a       366     0    15     1    16
  1.7982053755180312E+00 a       367     0    15     1    17
  8.4555587287106895E-02 a       368     0    15     1    18
 -1.7101989450566191E+00 a       369     0    15     1    19
  2.0655214480826292E+00 a       370     0    15     1    20
  1.4462452444785048E+00 a       371     0    15     1    21
  3.2069135386787320E+00 a       372     0    15     1    22
 -8.9851618783093723E-01 a       373     0    15     1    23
  1.5460831569183309E+00 a       374     0    15     1    24
  3.2871424206104281E+00 a       375     0    15     1    25
 -3.2120049319751709E-02 a       376     0    16     1     1
  6.1791351959428165E-01 a       377     0    16     1     2
 -7.1242217850014300E-01 a       378     0    16     1     3
  6.1187521267401415E-02 a       379     0    16     1     4
  4.9573828795227765E-01 a       380     0    16     1     5
 -1.0012313441719385E+00 a       381     0    16     1     6
 -1.4063331495675324E+00 a       382     0    16     1     7
  3.3386319984875135E-01 a       383     0    16     1     8
  8.7613792662305134E-01 a       384     0    16     1     9
  9.5216488702832924E-01 a       385     0    16     1    10
  5.9320317794367916E-01 a       386     0    16     1    11
 -1.4239348100374023E+00 a       387     0    16     1    12
  1.0941776482246421E+00 a       388     0    16     1    13
 -2.4276833163514333E-01 a       389     0    16     1    14
  1.1482755124122869E-01 a       390     0    16     1    15
 -8.5090562833241490E-01 a       391     0    16     1    16
 -6.6281653481706793E-01 a       392     0    16     1    17
 -4.9513723133524107E-01 a       393     0    16     1    18
  8.2388094283602723E-03 a       394     0    16     1    19
  2.1318537357254524E-01 a       395     0    16     1    20
  8.3401762902828858E-01 a       396     0    16     1    21
  3.6274151428050189E-01 a       397     0    16     1    22
 -3.1832539095480041E+00 a       398     0    16     1    23
 -2.3688806541766164E-01 a       399     0    16     1    24
 -3.0074832098045251E-01 a       400     0    16     1    25
  2.3949824856864965E+00 a       401     0    17     1     1
  2.0487220618893738E+00 a       402     0    17     1     2
 -2.6144148937413809E+00 a       403     0    17     1     3
  1.5306069642883569E+00 a       404     0    17     1     4
 -2.0638252093782543E+00 a       405     0    17     1     5
 -1.4695248802221934E+00 a       406     0    17     1     6
  1.2434929017669072E+00 a       407     0    17     1     7
 -2.2786336670366953E+00 a       408     0    17     1     8
  7.3537926915582352E-01 a       409     0    17     1     9
 -1.2201134255579780E+00 a       410     0    17     1    10
  1.8058221233732714E+00 a       411     0    17     1    11
  3.4362393349815057E-01 a       412     0    17     1    12
  5.3823565659720085E-01 a       413     0    17     1    13
 -3.1618858724002026E+00 a       414     0    17     1    14
  2.9924051744591948E+00 a       415     0    17     1    15
 -6.8126803996182506E-01 a       416     0    17     1    16
 -1.0165946502349268E+00 a       417     0    17     1    17
 -1.7341893913793205E-01 a       418     0    17     1    18
 -3.9522272343751924E-01 a       419     0    17     1    19
 -1.5035583771388399E+00 a       420     0    17     1    20
 -7.4017478062223152E-01 a       421     0    17     1    21
 -2.9159572776805907E+00 a       422     0    17     1    22
  3.5571019360389378E+00 a       423     0    17     1    23
 -1.7415601152797380E+00 a       424     0    17     1    24
 -3.6193950893242981E+00 a       425     0    17     1    25
  6.9218320769541031E-01 a       426     0    18     1     1
  6.2403496408107140E-01 a       427     0    18     1     2
 -8.7652257477596629E-01 a       428     0    18     1     3
  3.0258315234234362E-02 a       429     0    18     1     4
 -3.2288451431012133E+00 a       430     0    18     1     5
 -1.7124888994039289E+00 a       431     0    18     1     6
  3.3807100407275534E+00 a       432     0    18     1     7
 -2.3767429155364721E+00 a       433     0    18     1     8
 -3.1937230956602036E+00 a       434     0    18     1     9
 -6.6046398590279598E-01 a       435     0    18     1    10
  4.4092674847394436E-01 a       436     0    18     1    11
  7.0337308324654169E-01 a       437     0    18     1    12
 -1.3990528285460919E+00 a       438     0    18     1    13
 -7.7065752216137318E-01 a       439     0    18     1    14
 -1.5917141414363474E+00 a       440     0    18     1    15
  1.2457131362525733E+00 a       441     0    18     1    16
 -1.8842915291347431E+00 a       442     0    18     1    17
  2.0090858563601448E+00 a       443     0    18     1    18
  2.1618292491239046E+00 a       444     0    18     1    19
  1.8893327855612820E+00 a       445     0    18     1    20
  1.8780778960541606E+00 a       446     0    18     1    21
 -6.2495573536497184E-01 a       447     0    18     1    22
  5.7359265054115669E+00 a       448     0    18     1    23
 -1.1161187425567086E-01 a       449     0    18     1    24
 -5.3623811282597611E-01 a       450     0    18     1    25
 -4.8349427023452898E-04 a       451     0    19     1     1
 -7.4669132718861964E-01 a       452     0    19     1     2
  1.1644399411352333E+00 a       453     0    19     1     3
  1.0527678777075058E+00 a       454     0    19     1     4
 -1.7710661410400499E+00 a       455     0    19     1     5
  7.2898949547293646E-01 a       456     0    19     1     6
 -5.7802641565929951E-02 a       457     0    19     1     7
  1.0330574838688165E+00 a       458     0    19     1     8
 -1.3486581241524678E+00 a       459     0    19     1     9
 -1.1708852915320245E+00 a       460     0    19     1    10
 -1.7174544962084073E+00 a       461     0    19     1    11
  5.7369156775067764E-01 a       462     0    19     1    12
 -2.1893781643157850E+00 a       463     0    19     1    13
  8.3685816940912883E-01 a       464     0    19     1    14
 -3.4493162025061701E+00 a       465     0    19     1    15
 -1.4324262213351927E-01 a       466     0    19     1    16
  9.3006119946986987E-01 a       467     0    19     1    17
  2.6213838718102161E-01 a       468     0    19     1    18
  1.4500479570990648E+00 a       469     0    19     1    19
  2.1071651881984375E+00 a       470     0    19     1    20
  2.0988402883156243E+00 a       471     0    19     1    21
  1.5383555978516326E+00 a       472     0    19     1    22
 -1.1956037257339633E+00 a       473     0    19     1    23
 -1.7224831777399921E-01 a       474     0    19     1    24
  3.8617758623720078E-01 a       475     0    19     1    25
 -5.7083715430228732E-01 a       476     0    20     1     1
 -1.3661870216521872E+00 a       477     0    20     1     2
  3.2383999951387232E+00 a       478     0    20     1     3
  1.9617623342632123E-01 a       479     0    20     1     4
 -8.4155580717575207E-01 a       480     0    20     1     5
  3.9741339239220257E+00 a       481     0    20     1     6
 -1.9389902627710398E+00 a       482     0    20     1     7
  5.2050852206282938E+00 a       483     0    20     1     8
 -1.1720649925092117E+00 a       484     0    20     1     9
 -2.0872068427924648E+00 a       485     0    20     1    10
 -4.6113822737324632E+00 a       486     0    20     1    11
  4.6632004530564403E-01 a       487     0    20     1    12
 -5.3932081645564391E+00 a       488     0    20     1    13
  1.8150082248650261E+00 a       489     0    20     1    14
 -6.9450694861137343E+00 a       490     0    20     1    15
 -1.6663268155333821E+00 a       491     0    20     1    16
  4.4747637756757106E+00 a       492     0    20     1    17
 -8.3286589049213200E-01 a       493     0    20     1    18
  8.5062775248851774E-01 a       494     0    20     1    19
  2.3277280513629690E+00 a       495     0    20     1    20
  2.7622232303257257E+00 a       496     0    20     1    21
  2.3884360068161210E+00 a       497     0    20     1    22
 -4.3982969581014553E+00 a       498     0    20     1    23
  7.7468660283979918E-02 a       499     0    20     1    24
  1.9532187351191361E+00 a       500     0    20     1    25
 -2.1198626270770360E+00 a       501     0    21     1     1
 -1.5949389957803215E+00 a       502     0    21     1     2
  1.8780495174762293E+00 a       503     0    21     1     3
  4.4035195872663131E+00 a       504     0    21     1     4
  2.8252617874948491E+00 a       505     0    21     1     5
  9.5949333756767052E-01 a       506     0    21     1     6
  2.1658928277946186E+00 a       507     0    21     1     7
  2.5738087172141437E+00 a       508     0    21     1     8
 -3.9607834130181723E+00 a       509     0    21     1     9
 -3.5752298586658533E+00 a       510     0    21     1    10
  1.3712088605292752E+00 a       511     0    21     1    11
  1.0448274244324416E+00 a       512     0    21     1    12
  2.1859950123220964E+00 a       513     0    21     1    13
 -4.4169585613540923E+00 a       514     0    21     1    14
  1.8218258938984568E+00 a       515     0    21     1    15
  4.5465994530220294E-01 a       516     0    21     1    16
  4.6374023202579275E+00 a       517     0    21     1    17
 -7.9602414050092229E-01 a       518     0    21     1    18
 -1.5139307775739963E+00 a       519     0    21     1    19
 -3.1524110749078842E+00 a       520     0    21     1    20
  4.0652346322567789E-01 a       521     0    21     1    21
  2.2026363335776478E+00 a       522     0    21     1    22
 -2.2277374574634421E+00 a       523     0    21     1    23
  3.7733543836493966E+00 a       524     0    21     1    24
  3.4382383101372871E+00 a       525     0    21     1    25
 -3.6422521680822179E-01 a       526     0    22     1     1
  1.2185816705830314E-01 a       527     0    22     1     2
 -1.2957772161246714E-01 a       528     0    22     1     3
  9.6788984119700039E-01 a       529     0    22     1     4
  5.2245979967954226E-01 a       530     0    22     1     5
 -1.3341792000068213E+00 a       531     0    22     1     6
 -1.6255802206777710E+00 a       532     0    22     1     7
 -4.7648605179857501E-01 a       533     0    22     1     8
  1.0394208154762312E+00 a       534     0    22     1     9
  1.9637554169038811E+00 a       535     0    22     1    10
  5.3020959118743272E-01 a       536     0    22     1    11
 -5.0179100259820852E-01 a       537     0    22     1    12
  3.1678800000936960E+00 a       538     0    22     1    13
 -2.1146843168808574E-01 a       539     0    22     1    14
  1.7673341326544489E+00 a       540     0    22     1    15
  4.4848714809006185E-01 a       541     0    22     1    16
 -9.2247690301156893E-01 a       542     0    22     1    17
 -1.8791795120383670E-01 a       543     0    22     1    18
 -9.5037621597410513E-02 a       544     0    22     1    19
 -7.6860497301014274E-01 a       545     0    22     1    20
 -4.5074319714250155E-01 a       546     0    22     1    21
  2.6866273685043041E-01 a       547     0    22     1    22
 -3.2232282063246305E+00 a       548     0    22     1    23
 -9.2245429836457060E-02 a       549     0    22     1    24
 -9.3176157034616691E-01 a       550     0    22     1    25
  2.1247413969145792E+00 a       551     0    23     1     1
  1.2263395486791828E+00 a       552     0    23     1     2
 -2.2200942337855674E+00 a       553     0    23     1     3
 -5.0570100528077875E+00 a       554     0    23     1     4
 -5.0787460865247080E-01 a       555     0    23     1     5
 -7.7964868655816943E-01 a       556     0    23     1     6
 -1.4628841239292680E+00 a       557     0    23     1     7
 -3.7309565719096907E+00 a       558     0    23     1     8
  4.7495364611756985E+00 a       559     0    23     1     9
  2.9307140714422681E+00 a       560     0    23     1    10
 -1.4959066100146451E-01 a       561     0    23     1    11
 -1.1270044288362000E+00 a       562     0    23     1    12
 -1.7549200191789089E+00 a       563     0    23     1    13
  3.6237644768757318E+00 a       564     0    23     1    14
  1.0894725007508310E+00 a       565     0    23     1    15
 -3.7450251130900425E-01 a       566     0    23     1    16
 -4.8615618315933276E+00 a       567     0    23     1    17
  4.9704459733948297E-01 a       568     0    23     1    18
 -4.6061329003202900E-01 a       569     0    23     1    19
  1.1097163997140538E+00 a       570     0    23     1    20
 -2.1675872855965048E+00 a       571     0    23     1    21
 -3.8662182354945425E+00 a       572     0    23     1    22
  4.7201728105147591E+00 a       573     0    23     1    23
 -3.0275152576650495E+00 a       574     0    23     1    24
 -4.1192987124017097E+00 a       575     0    23     1    25
 -1.3968514339325028E-01 a       576     0    24     1     1
 -6.2240471800016561E-01 a       577     0    24     1     2
 -1.7108131026373417E+00 a       578     0    24     1     3
  1.5898802510427019E+00 a       579     0    24     1     4
  3.6248098214152593E+00 a       580     0    24     1     5
 -1.9530249262821922E+00 a       581     0    24     1     6
  1.2487779255299372E+00 a       582     0    24     1     7
 -6.4494334749972682E-02 a       583     0    24     1     8
 -8.6040373870474848E-02 a       584     0    24     1     9
 -1.1062665047739049E+00 a       585     0    24     1    10
  2.4325411261553720E+00 a       586     0    24     1    11
  7.8912765191795431E-01 a       587     0    24     1    12
 -9.5255693753269766E-01 a       588     0    24     1    13
  1.0013364543001506E-01 a       589     0    24     1    14
  1.9241817496616151E+00 a       590     0    24     1    15
 -1.3134869808491008E+00 a       591     0    24     1    16
  9.2913981244475363E-01 a       592     0    24     1    17
  1.4701838230780726E+00 a       593     0    24     1    18
 -3.9512855119378948E-01 a       594     0    24     1    19
 -7.7319990167781272E-01 a       595     0    24     1    20
 -5.4610774332193401E-01 a       596     0    24     1    21
  2.9896608499742846E-02 a       597     0    24     1    22
  6.3774169894293020E-01 a       598     0    24     1    23
 -1.3083318465716469E+00 a       599     0    24     1    24
  1.3095189054338867E+00 a       600     0    24     1    25
  5.4967534947422003E-01 a       601     0    25     1     1
  3.3849364261215714E-01 a       602     0    25     1     2
  3.0273773779759483E+00 a       603     0    25     1     3
 -3.0424544023823659E+00 a       604     0    25     1     4
 -6.4522881636225300E+00 a       605     0    25     1     5
  3.7912963171037193E+00 a       606     0    25     1     6
 -2.2405002149641504E+00 a       607     0    25     1     7
 -3.5064088613845706E-01 a       608     0    25     1     8
 -3.7242640075077893E-01 a       609     0    25     1     9
  1.1570363271743402E+00 a       610     0    25     1    10
 -4.3166054099515900E+00 a       611     0    25     1    11
 -1.6900426463751763E+00 a       612     0    25     1    12
  2.0727776597690180E+00 a       613     0    25     1    13
  1.9313968554304256E-01 a       614     0    25     1    14
 -3.8063113530853356E+00 a       615     0    25     1    15
  2.3968890712202646E+00 a       616     0    25     1    16
 -1.5383703073752528E+00 a       617     0    25     1    17
 -2.3957459988198955E+00 a       618     0    25     1    18
  9.6932869305799418E-01 a       619     0    25     1    19
  1.2429743272331064E+00 a       620     0    25     1    20
  1.2098299770931900E+00 a       621     0    25     1    21
  4.9010543746019503E-03 a       622     0    25     1    22
 -1.0410091701506263E+00 a       623     0    25     1    23
  2.5421813113330978E+00 a       624     0    25     1    24
 -1.0811047430776171E+00 a       625     0    25     1    25
 -4.4651894991552260E-01 a       626     0    26     1     1
  1.2945423962754607E-01 a       627     0    26     1     2
 -1.3592456328177664E+00 a       628     0    26     1     3
  1.5105407170928329E+00 a       629     0    26     1     4
  2.9298216001623669E+00 a       630     0    26     1     5
 -1.8769367138590649E+00 a       631     0    26     1     6
  9.9198908669962238E-01 a       632     0    26     1     7
  3.8032630275674484E-01 a       633     0    26     1     8
  3.6994588386802790E-01 a       634     0    26     1     9
 -2.4090344732202762E-01 a       635     0    26     1    10
  1.9226322702513701E+00 a       636     0    26     1    11
  8.4724839958431386E-01 a       637     0    26     1    12
 -1.1116344579129660E+00 a       638     0    26     1    13
 -2.5536325162228424E-01 a       639     0    26     1    14
  1.8649657709148393E+00 a       640     0    26     1    15
 -1.0490345186091121E+00 a       641     0    26     1    16
  7.2082172721234938E-01 a       642     0    26     1    17
  9.8709910702656722E-01 a       643     0    26     1    18
 -5.3264375833366362E-01 a       644     0    26     1    19
 -4.5332399108073274E-01 a       645     0    26     1    20
 -6.8900284137115564E-01 a       646     0    26     1    21
 -7.3903285200911967E-02 a       647     0    26     1    22
  4.2999812446466262E-01 a       648     0    26     1    23
 -1.2507609601048515E+00 a       649     0    26     1    24
 -1.4283152111615077E-01 a       650     0    26     1    25
 -1.1288582227429132E-01 b       651     1     1
  1.5055317737390464E-01 b       652     1     2
  1.9451348018124433E-02 b       653     1     3
  3.2568081252798292E-01 b       654     1     4
 -1.0659066934811047E-01 b       655     1     5
  1.1999411864392895E-01 b       656     1     6
  3.3843859822370242E-01 b       657     1     7
  8.6730539587101058E-02 b       658     1     8
 -6.6933730044971190E-02 b       659     1     9
 -3.1861621981025476E-02 b       660     1    10
 -3.0495572301771089E-02 b       661     1    11
  1.2651194045200673E-01 b       662     1    12
 -7.4342736255744489E-03 b       663     1    13
  1.8374167554015922E-01 b       664     1    14
 -5.8976970660701983E-04 b       665     1    15
  2.0104063051798129E-01 b       666     1    16
  1.6565217261090059E-02 b       667     1    17
 -1.2738865933657600E-01 b       668     1    18
 -2.2310777395134343E-01 b       669     1    19
 -4.4939288137016718E-02 b       670     1    20
  1.3047382103610899E-01 b       671     1    21
  4.0780339206529775E-03 b       672     1    22
 -5.3494062904706419E-01 b       673     1    23
  2.3651773372520418E-01 b       674     1    24
  1.6538869802693337E-01 b       675     1    25
 -5.2109746964505621E-01 a       676     1     1     2     1
  2.5275681696248342E-01 a       677     1     1     2     2
 -1.1365210240028192E-02 a       678     1     1     2     3
 -2.1681185213590790E-01 a       679     1     1     2     4
  3.6331003070398632E-01 a       680     1     1     2     5
 -1.6379098497310363E-01 a       681     1     1     2     6
 -6.2252748270147462E-01 a       682     1     1     2     7
 -1.3643111587740100E-01 a       683     1     1     2     8
 -9.1281900223287596E-02 a       684     1     1     2     9
  1.3547095438725010E-01 a       685     1     1     2    10
 -3.8182961641699664E-01 a       686     1     1     2    11
 -2.7027145168151995E-01 a       687     1     1     2    12
  2.2352895209032105E-02 a       688     1     1     2    13
 -2.9243041399690639E-01 a       689     1     1     2    14
  1.8367826458999845E-02 a       690     1     1     2    15
  1.5956580727116229E-01 a       691     1     1     2    16
 -3.8357516479249743E-01 a       692     1     1     2    17
 -1.7507073914696597E-01 a       693     1     1     2    18
 -1.5711395851112242E-01 a       694     1     1     2    19
 -4.9724730323489075E-01 a       695     1     1     2    20
 -3.8049959154702351E-01 a       696     1     1     2    21
  6.5634612868368891E-01 a       697     1     1     2    22
  1.1491082015510175E-01 a       698     1     1     2    23
  6.5762532822917191E-02 a       699     1     1     2    24
 -2.1612556591080781E-01 a       700     1     1     2    25
  6.6905682443624115E-01 a       701     1     2     2     1
  6.5389343758806673E-02 a       702     1     2     2     2
 -1.3504828721277334E-01 a       703     1     2     2     3
 -3.1705517601985744E-01 a       704     1     2     2     4
 -4.2754045620977466E-01 a       705     1     2     2     5
  9.0821148083950851E-02 a       706     1     2     2     6
 -2.7419533829651188E-01 a       707     1     2     2     7
  7.5944028320745782E-01 a       708     1     2     2     8
  6.3978892189732114E-02 a       709     1     2     2     9
  4.5004452944563783E-01 a       710     1     2     2    10
  1.1083735126725459E-01 a       711     1     2     2    11
 -2.7011297407604723E-01 a       712     1     2     2    12
 -7.6265964833477429E-01 a       713     1     2     2    13
 -2.3422666264725142E-01 a       714     1     2     2    14
  2.4345193391251821E-01 a       715     1     2     2    15
  3.4422076973520749E-01 a       716     1     2     2    16
  3.9436484305971425E-01 a       717     1     2     2    17
 -1.0293002992196137E-02 a       718     1     2     2    18
 -4.8473443871254973E-01 a       719     1     2     2    19
  8.0595062907929504E-02 a       720     1     2     2    20
  9.2433294192602589E-01 a       721     1     2     2    21
 -1.6310531087079236E+00 a       722     1     2     2    22
 -5.9493049523071800E-02 a       723     1     2     2    23
  6.9839256879816258E-01 a       724     1     2     2    24
  3.0644113915602483E-01 a       725     1     2     2    25
 -6.1605969972360652E-01 a       726     1     3     2     1
 -7.7790307551377091E-01 a       727     1     3     2     2
 -2.9000135653005904E-01 a       728     1     3     2     3
  2.8992902002158283E-01 a       729     1     3     2     4
  4.6000513980296309E-01 a       730     1     3     2     5
  7.8194663153991617E-01 a       731     1     3     2     6
 -7.3165991440850642E-01 a       732     1     3     2     7
  1.5831148553940080E-01 a       733     1     3     2     8
 -3.7398041288571721E-01 a       734     1     3     2     9
  4.7053830724820905E-01 a       735     1     3     2    10
 -1.9028521456102690E-01 a       736     1     3     2    11
  4.8069369208041635E-01 a       737     1     3     2    12
 -1.0439373061613795E+00 a       738     1     3     2    13
  1.5787243004366253E-01 a       739     1     3     2    14
  5.6157355308161638E-01 a       740     1     3     2    15
  2.7471675347980712E-01 a       741     1     3     2    16
  1.4529275540216480E-01 a       742     1     3     2    17
 -6.6079479034792732E-01 a       743     1     3     2    18
  5.1461136984093203E-01 a       744     1     3     2    19
 -9.1717644019713018E-01 a       745     1     3     2    20
 -3.7318764148365979E-01 a       746     1     3     2    21
 -1.6106963646572198E-01 a       747     1     3     2    22
  5.6339428612550327E-02 a       748     1     3     2    23
  1.7754130644292873E-01 a       749     1     3     2    24
 -2.0032616779396586E-01 a       750     1     3     2    25
 -9.8222449422278188E-02 a       751     1     4     2     1
 -6.8961063486200691E-01 a       752     1     4     2     2
  6.1709499211226947E-02 a       753     1     4     2     3
 -2.2015609532888422E-01 a       754     1     4     2     4
 -1.7514571613002814E-03 a       755     1     4     2     5
  5.6313748015828703E-02 a       756     1     4     2     6
  1.7802811482117945E-02 a       757     1     4     2     7
 -6.0458007898030949E-02 a       758     1     4     2     8
 -4.1365462423187138E-01 a       759     1     4     2     9
 -6.0090663433331792E-01 a       760     1     4     2    10
  2.0760574043542174E-02 a       761     1     4     2    11
  7.8584816203029917E-01 a       762     1     4     2    12
 -5.2158957947287965E-01 a       763     1     4     2    13
 -1.0693366212057363E-01 a       764     1     4     2    14
  1.8394909967966400E-01 a       765     1     4     2    15
 -1.8774032609018465E-01 a       766     1     4     2    16
  3.0556129178242669E-01 a       767     1     4     2    17
  1.5357357487165635E-01 a       768     1     4     2    18
 -5.4672498335577337E-02 a       769     1     4     2    19
  4.2858204568084302E-01 a       770     1     4     2    20
 -2.6978288380262433E-01 a       771     1     4     2    21
  6.0586800533642116E-01 a       772     1     4     2    22
  3.7447886266467789E-01 a       773     1     4     2    23
 -3.5808838045541935E-01 a       774     1     4     2    24
 -9.0850500198665785E-01 a       775     1     4     2    25
  1.8127827901212409E-01 a       776     1     5     2     1
  3.9183318069136097E-01 a       777     1     5     2     2
  3.2240041050913304E-01 a       778     1     5     2     3
 -1.4926488443144678E-01 a       779     1     5     2     4
  3.5156087834711064E-01 a       780     1     5     2     5
  1.5795493470142608E-01 a       781     1     5     2     6
  1.2066219398564873E-01 a       782     1     5     2     7
  9.6494938557157781E-02 a       783     1     5     2     8
 -1.0282300573362693E-01 a       784     1     5     2     9
 -1.5014982603201874E+00 a       785     1     5     2    10
 -6.9573875325302292E-02 a       786     1     5     2    11
  2.8564986417463367E-01 a       787     1     5     2    12
  8.8567712882197072E-02 a       788     1     5     2    13
 -6.9608586332850964E-01 a       789     1     5     2    14
 -8.4316189576075762E-01 a       790     1     5     2    15
 -1.3248363160014764E-01 a       791     1     5     2    16
 -1.0948153476594988E-02 a       792     1     5     2    17
  1.2383291607873435E-01 a       793     1     5     2    18
 -4.0369096906149382E-01 a       794     1     5     2    19
  5.6385161582716814E-01 a       795     1     5     2    20
 -1.4608835304454332E-01 a       796     1     5     2    21
 -1.4677607932872598E+00 a       797     1     5     2    22
 -2.9044557780668841E-02 a       798     1     5     2    23
 -1.0384739465295374E+00 a       799     1     5     2    24
 -3.9403815560278777E-01 a       800     1     5     2    25
 -3.0749279163007132E-01 a       801     1     6     2     1
  2.0895947597715393E-02 a       802     1     6     2     2
  6.5166771960098291E-02 a       803     1     6     2     3
 -8.1189293306120791E-02 a       804     1     6     2     4
  1.8765296374374985E-01 a       805     1     6     2     5
  4.9694968238945963E-01 a       806     1     6     2     6
  1.0099198368535807E+00 a       807     1     6     2     7
  1.3968593361051643E-02 a       808     1     6     2     8
  2.6569895746027822E-01 a       809     1     6     2     9
  1.3377298419599473E-01 a       810     1     6     2    10
  2.8777803403692859E-01 a       811     1     6     2    11
  7.6301954578174874E-02 a       812     1     6     2    12
 -2.2444535965083942E-01 a       813     1     6     2    13
  4.8015307013359354E-01 a       814     1     6     2    14
  2.6840969127682772E-04 a       815     1     6     2    15
 -4.7396397916645716E-01 a       816     1     6     2    16
 -4.9867206600768495E-02 a       817     1     6     2    17
  2.4244505112341194E-01 a       818     1     6     2    18
 -1.2026062002527781E-01 a       819     1     6     2    19
  5.8394438756594180E-01 a       820     1     6     2    20
  3.4208174419383042E-01 a       821     1     6     2    21
 -7.1367446788597555E-01 a       822     1     6     2    22
 -4.1408515025812320E-01 a       823     1     6     2    23
  1.8472645166377033E-01 a       824     1     6     2    24
 -1.4825379658075821E-01 a       825     1     6     2    25
  1.0562448486208265E-01 a       826     1     7     2     1
  7.6152519242584371E-02 a       827     1     7     2     2
  1.2414286930737438E-01 a       828     1     7     2     3
 -3.0159536258890984E-01 a       829     1     7     2     4
  6.9284741304665318E-02 a       830     1     7     2     5
  1.2564145769360810E-01 a       831     1     7     2     6
 -2.1789380543736034E-01 a       832     1     7     2     7
 -2.7655671523325775E-01 a       833     1     7     2     8
  4.5210384562081135E-01 a       834     1     7     2     9
 -9.4144619411555594E-02 a       835     1     7     2    10
  1.3208804866539112E-01 a       836     1     7     2    11
 -1.3843342212863219E-01 a       837     1     7     2    12
  1.7653843925114207E-01 a       838     1     7     2    13
  2.8171580441283245E-01 a       839     1     7     2    14
  1.8557081512130080E-01 a       840     1     7     2    15
  1.3504611905409122E-01 a       841     1     7     2    16
 -3.7568381619961860E-01 a       842     1     7     2    17
 -9.0334520143443425E-02 a       843     1     7     2    18
  3.1354452452616793E-01 a       844     1     7     2    19
 -5.2938454721375727E-01 a       845     1     7     2    20
 -3.2745883128839615E-01 a       846     1     7     2    21
  8.0562437179137483E-02 a       847     1     7     2    22
 -2.1957637017827485E-02 a       848     1     7     2    23
 -9.6038057519300235E-01 a       849     1     7     2    24
 -2.2267690469466903E-01 a       850     1     7     2    25
 -1.3304764338164943E-01 a       851     1     8     2     1
 -5.9485082590563865E-01 a       852     1     8     2     2
 -7.7948727002015639E-01 a       853     1     8     2     3
  4.7802255049523973E-01 a       854     1     8     2     4
  1.1158450043306065E+00 a       855     1     8     2     5
 -5.0551111375911638E-02 a       856     1     8     2     6
 -7.8309785383572783E-01 a       857     1     8     2     7
  2.3937910783501490E-01 a       858     1     8     2     8
 -4.8988659135831703E-01 a       859     1     8     2     9
  3.6021345187043495E-02 a       860     1     8     2    10
 -1.0290157617376298E-01 a       861     1     8     2    11
  3.9650544863489684E-01 a       862     1     8     2    12
 -1.1875874048396990E+00 a       863     1     8     2    13
 -1.0177960820176749E-01 a       864     1     8     2    14
 -1.1309414323661875E+00 a       865     1     8     2    15
 -4.2363546585651585E-01 a       866     1     8     2    16
 -7.3343739735487037E-02 a       867     1     8     2    17
 -2.3993548731920983E-01 a       868     1     8     2    18
 -6.3632951923546166E-01 a       869     1     8     2    19
  1.7524607995723124E-01 a       870     1     8     2    20
 -3.2069922050669601E-02 a       871     1     8     2    21
 -4.3593929881309978E-01 a       872     1     8     2    22
 -2.4095962881120481E-01 a       873     1     8     2    23
 -1.2149656875885859E-01 a       874     1     8     2    24
 -3.8932387035067439E-01 a       875     1     8     2    25
 -5.3498495168588589E-01 a       876     1     9     2     1
  2.2265180864940026E-01 a       877     1     9     2     2
 -4.4132711452500151E-01 a       878     1     9     2     3
 -1.1356435676299062E-01 a       879     1     9     2     4
  7.3677176893062701E-01 a       880     1     9     2     5
 -8.2404956620332551E-02 a       881     1     9     2     6
 -4.0533477673834917E-01 a       882     1     9     2     7
  2.8927045067599477E-01 a       883     1     9     2     8
 -5.4098177191433235E-02 a       884     1     9     2     9
 -4.2826363943570361E-01 a       885     1     9     2    10
 -1.5636480449521231E-01 a       886     1     9     2    11
  1.0028398482638327E-01 a       887     1     9     2    12
  4.6827326741729458E-02 a       888     1     9     2    13
 -3.9568007635148922E-01 a       889     1     9     2    14
 -5.9464448850556365E-02 a       890     1     9     2    15
 -9.6074163202915175E-02 a       891     1     9     2    16
  4.7206748849672117E-02 a       892     1     9     2    17
  3.6072726739306044E-01 a       893     1     9     2    18
 -1.0773702461420046E-03 a       894     1     9     2    19
  8.8281989555040641E-01 a       895     1     9     2    20
 -4.9601475356280914E-02 a       896     1     9     2    21
  1.0342461731459871E+00 a       897     1     9     2    22
 -2.2024556194624792E-01 a       898     1     9     2    23
  6.0523594314751072E-01 a       899     1     9     2    24
 -2.0544991714043621E-02 a       900     1     9     2    25
 -6.4154012491233037E-02 a       901     1    10     2     1
  3.8760922340772724E-01 a       902     1    10     2     2
  2.0283885731466803E-01 a       903     1    10     2     3
  2.9566948170907048E-02 a       904     1    10     2     4
 -4.8465050119481085E-01 a       905     1    10     2     5
 -4.8553874240579009E-01 a       906     1    10     2     6
  5.4433823984725827E-01 a       907     1    10     2     7
  3.9867227015272760E-01 a       908     1    10     2     8
  2.9897095472070512E-01 a       909     1    10     2     9
 -4.8426537049982232E-01 a       910     1    10     2    10
  8.4671741268508169E-02 a       911     1    10     2    11
 -1.4792419592698355E-01 a       912     1    10     2    12
  1.1864579955794969E+00 a       913     1    10     2    13
  5.2986051005467460E-01 a       914     1    10     2    14
  3.0266636626184817E-01 a       915     1    10     2    15
  3.7812017960204686E-01 a       916     1    10     2    16
 -2.1935115000199626E-01 a       917     1    10     2    17
  1.9640391690613199E-01 a       918     1    10     2    18
  2.2382970915054243E-02 a       919     1    10     2    19
  4.9937124914096992E-01 a       920     1    10     2    20
  3.2748829605993568E-01 a       921     1    10     2    21
 -1.2931449433366087E-03 a       922     1    10     2    22
 -1.4173101032055779E-01 a       923     1    10     2    23
  1.0403934430103376E+00 a       924     1    10     2    24
 -5.0898944625426885E-02 a       925     1    10     2    25
 -7.4551865257202546E-02 a       926     1    11     2     1
 -7.7897249008632374E-02 a       927     1    11     2     2
  7.8286484708915999E-02 a       928     1    11     2     3
 -2.6172061621515774E-01 a       929     1    11     2     4
  1.8830711057750315E-02 a       930     1    11     2     5
  3.3339208966276590E-01 a       931     1    11     2     6
  3.7056063413385437E-01 a       932     1    11     2     7
 -6.0023846376939227E-01 a       933     1    11     2     8
  1.6016377330148807E-01 a       934     1    11     2     9
  2.0896142113862537E-01 a       935     1    11     2    10
  1.4179464428980695E-01 a       936     1    11     2    11
 -1.8636386535141414E-01 a       937     1    11     2    12
  3.5319553334879150E-01 a       938     1    11     2    13
 -1.2485044982815756E+00 a       939     1    11     2    14
 -4.1362119325307223E-01 a       940     1    11     2    15
 -1.7490784227234274E-01 a       941     1    11     2    16
  4.8094268324628597E-01 a       942     1    11     2    17
 -4.9490220059535089E-01 a       943     1    11     2    18
 -3.4119217946632069E-01 a       944     1    11     2    19
  1.1694266410284397E+00 a       945     1    11     2    20
 -4.4092730623328336E-01 a       946     1    11     2    21
  1.6187218573985220E+00 a       947     1    11     2    22
  1.1883954894216871E-02 a       948     1    11     2    23
 -2.5285800819223359E-01 a       949     1    11     2    24
 -1.6888883960691886E-01 a       950     1    11     2    25
  2.7687141025345174E-01 a       951     1    12     2     1
  6.5325446352514782E-01 a       952     1    12     2     2
  2.5164480883101242E-01 a       953     1    12     2     3
  2.3837483478217897E-01 a       954     1    12     2     4
 -1.5394562807933129E-01 a       955     1    12     2     5
  1.9454778483595109E-01 a       956     1    12     2     6
 -2.1426003983611683E-01 a       957     1    12     2     7
  2.4987435135252342E-01 a       958     1    12     2     8
 -5.5334146443030467E-02 a       959     1    12     2     9
  3.9756533446744591E-01 a       960     1    12     2    10
 -3.7041354922734759E-01 a       961     1    12     2    11
  5.4745919269621535E-01 a       962     1    12     2    12
 -3.8448286139841265E-01 a       963     1    12     2    13
  1.9914858993221757E-01 a       964     1    12     2    14
 -5.6219293874840127E-02 a       965     1    12     2    15
 -7.5684597172473805E-02 a       966     1    12     2    16
  4.0993558821846798E-02 a       967     1    12     2    17
 -8.5224788420483732E-01 a       968     1    12     2    18
  3.2375373301503602E-01 a       969     1    12     2    19
 -9.4207607814691363E-01 a       970     1    12     2    20
  1.0749419949816086E-01 a       971     1    12     2    21
 -2.7429246146693331E-01 a       972     1    12     2    22
 -2.8048374731072351E-01 a       973     1    12     2    23
  2.0949675275872504E-01 a       974     1    12     2    24
  7.1569895976427170E-02 a       975     1    12     2    25
  3.6829607892547889E-01 a       976     1    13     2     1
 -1.8945596996960211E-02 a       977     1    13     2     2
  6.4347636747887393E-01 a       978     1    13     2     3
 -9.7233917425057659E-02 a       979     1    13     2     4
 -1.0736935308264350E-01 a       980     1    13     2     5
 -6.0837227676343397E-01 a       981     1    13     2     6
 -1.6730173973634827E-01 a       982     1    13     2     7
  2.4897970550384105E-01 a       983     1    13     2     8
 -3.4066050435594480E-01 a       984     1    13     2     9
 -4.5379338619835224E-01 a       985     1    13     2    10
  1.6669982126249042E-01 a       986     1    13     2    11
  8.6258881809544197E-01 a       987     1    13     2    12
 -3.4252337210305728E-01 a       988     1    13     2    13
  5.4438860980083270E-01 a       989     1    13     2    14
 -2.9246625319077263E-01 a       990     1    13     2    15
 -3.5989588333906986E-01 a       991     1    13     2    16
  3.5443270282291195E-01 a       992     1    13     2    17
  5.4234263396604188E-01 a       993     1    13     2    18
  7.8829788993368377E-01 a       994     1    13     2    19
  7.2238542855644159E-03 a       995     1    13     2    20
 -1.7106375815733943E-01 a       996     1    13     2    21
 -5.1585420207989463E-01 a       997     1    13     2    22
 -1.9821311440358741E-01 a       998     1    13     2    23
  1.2267852126379091E+00 a       999     1    13     2    24
 -3.1796949939597953E-02 a      1000     1    13     2    25
  5.6203633331346127E-02 a      1001     1    14     2     1
  3.7857354456160597E-01 a      1002     1    14     2     2
  2.5580887047243495E-01 a      1003     1    14     2     3
 -1.5330687276073704E-01 a      1004     1    14     2     4
  2.1050117037797578E-01 a      1005     1    14     2     5
 -2.3632132456725305E-01 a      1006     1    14     2     6
 -7.7117847723094754E-02 a      1007     1    14     2     7
 -2.9347774167258855E-01 a      1008     1    14     2     8
  1.3249095618638035E-01 a      1009     1    14     2     9
 -7.6800573637797809E-01 a      1010     1    14     2    10
  1.9132231181750792E-01 a      1011     1    14     2    11
 -7.1676346422948845E-01 a      1012     1    14     2    12
  6.0075808387459684E-01 a      1013     1    14     2    13
 -8.5074846224444500E-01 a      1014     1    14     2    14
  1.6948947485596794E-01 a      1015     1    14     2    15
 -4.9856623747547716E-03 a      1016     1    14     2    16
 -3.3381102411492847E-01 a      1017     1    14     2    17
  5.3614808924265056E-01 a      1018     1    14     2    18
  5.7323674520068130E-04 a      1019     1    14     2    19
 -1.3904736787737729E-01 a      1020     1    14     2    20
 -3.3104469357837851E-01 a      1021     1    14     2    21
 -9.6493573789639175E-01 a      1022     1    14     2    22
  3.0321623457405167E-01 a      1023     1    14     2    23
 -1.4897387269005569E+00 a      1024     1    14     2    24
 -8.3058254833171835E-02 a      1025     1    14     2    25
 -6.8754015865670079E-02 a      1026     1    15     2     1
 -4.8492211756107195E-01 a      1027     1    15     2     2
  1.2199973985846486E-01 a      1028     1    15     2     3
 -2.8822628932341560E-01 a      1029     1    15     2     4
  1.8722851936494544E-01 a      1030     1    15     2     5
 -3.0584705409944679E-01 a      1031     1    15     2     6
  4.5995139936654779E-02 a      1032     1    15     2     7
 -5.4152007143684888E-01 a      1033     1    15     2     8
 -1.6363321247914332E-02 a      1034     1    15     2     9
  4.3547630246207419E-01 a      1035     1    15     2    10
  1.1653525012742727E-01 a      1036     1    15     2    11
  4.2268306648869276E-02 a      1037     1    15     2    12
 -5.9681940774349851E-01 a      1038     1    15     2    13
  7.4037463675329473E-01 a      1039     1    15     2    14
 -6.9867817855223335E-02 a      1040     1    15     2    15
 -9.7042675914317855E-01 a      1041     1    15     2    16
  1.0224542249916516E-01 a      1042     1    15     2    17
  1.1471188652963329E+00 a      1043     1    15     2    18
 -3.7124444530581596E-01 a      1044     1    15     2    19
  1.9739903917631921E-01 a      1045     1    15     2    20
 -1.4745965713077047E-01 a      1046     1    15     2    21
  1.7674143038688761E+00 a      1047     1    15     2    22
  3.1037557153210799E-01 a      1048     1    15     2    23
  1.6387977857108138E-01 a      1049     1    15     2    24
  2.3246624826864593E-01 a      1050     1    15     2    25
 -1.5817906367294786E-03 a      1051     1    16     2     1
 -1.0437595408776343E-01 a      1052     1    16     2     2
 -6.4945170836057453E-01 a      1053     1    16     2     3
 -1.6521620884189009E-01 a      1054     1    16     2     4
  1.3470442139304512E-01 a      1055     1    16     2     5
 -4.2423008646111859E-01 a      1056     1    16     2     6
 -2.0962735382392919E-01 a      1057     1    16     2     7
  1.1220201297941752E-01 a      1058     1    16     2     8
 -5.1615326745182509E-02 a      1059     1    16     2     9
 -4.7509648245719752E-02 a      1060     1    16     2    10
  3.2184570604980006E-01 a      1061     1    16     2    11
 -7.1324995743687092E-01 a      1062     1    16     2    12
  9.6931259294370145E-02 a      1063     1    16     2    13
 -2.1351470394658995E-01 a      1064     1    16     2    14
 -3.0409194017159574E-01 a      1065     1    16     2    15
 -2.8854344513842643E-02 a      1066     1    16     2    16
  5.3676702679573729E-01 a      1067     1    16     2    17
 -1.3747380388988126E-02 a      1068     1    16     2    18
 -7.8599104141212150E-01 a      1069     1    16     2    19
  5.8163441369485025E-01 a      1070     1    16     2    20
  2.9674356381451067E-01 a      1071     1    16     2    21
 -2.2305957192643289E-01 a      1072     1    16     2    22
 -1.6730787617175646E-01 a      1073     1    16     2    23
  5.4737221253106250E-01 a      1074     1    16     2    24
  3.5903647682729389E-01 a      1075     1    16     2    25
 -5.0078153745604104E-01 a      1076     1    17     2     1
  1.7978396798609894E-01 a      1077     1    17     2     2
  1.2640451732059912E-01 a      1078     1    17     2     3
 -4.2021481748839684E-02 a      1079     1    17     2     4
 -1.6179070988424649E-01 a      1080     1    17     2     5
 -4.0283381561069237E-01 a      1081     1    17     2     6
 -4.6052839621965819E-01 a      1082     1    17     2     7
 -8.6184495980385578E-01 a      1083     1    17     2     8
 -1.5619461529610121E-01 a      1084     1    17     2     9
 -3.0312283356243686E-01 a      1085     1    17     2    10
 -2.4726967328011587E-01 a      1086     1    17     2    11
 -1.1203637416249913E-01 a      1087     1    17     2    12
  1.5508638920116183E-01 a      1088     1    17     2    13
  4.1230933917588897E-01 a      1089     1    17     2    14
  3.0741721784042991E-01 a      1090     1    17     2    15
 -8.5355502214431278E-01 a      1091     1    17     2    16
  4.1668539558986861E-01 a      1092     1    17     2    17
  1.7899782210736734E+00 a      1093     1    17     2    18
  3.2900521219197265E-01 a      1094     1    17     2    19
 -2.3995887770911964E-01 a      1095     1    17     2    20
 -4.1706865293762319E-01 a      1096     1    17     2    21
  9.2978258961872576E-02 a      1097     1    17     2    22
  8.8822370604805204E-02 a      1098     1    17     2    23
  1.1799648736815751E+00 a      1099     1    17     2    24
 -7.3441391033463990E-02 a      1100     1    17     2    25
 -6.4256885231376168E-02 a      1101     1    18     2     1
  4.4135818343042832E-01 a      1102     1    18     2     2
  4.1071200901039648E-02 a      1103     1    18     2     3
  1.2351278668433749E-01 a      1104     1    18     2     4
  2.0167289301367516E-01 a      1105     1    18     2     5
 -3.4946488608387899E-01 a      1106     1    18     2     6
  2.0808114499420108E-01 a      1107     1    18     2     7
 -1.4216498073723507E-01 a      1108     1    18     2     8
 -2.0627925841499201E-01 a      1109     1    18     2     9
 -4.7793248979246844E-01 a      1110     1    18     2    10
 -2.7945869702619075E-01 a      1111     1    18     2    11
 -1.2938685409210893E-01 a      1112     1    18     2    12
  3.6656625552637478E-01 a      1113     1    18     2    13
 -6.9167558860626721E-01 a      1114     1    18     2    14
 -1.6538115261458672E-01 a      1115     1    18     2    15
  1.1637169547132890E-01 a      1116     1    18     2    16
 -3.8873162002061812E-01 a      1117     1    18     2    17
  2.7858110025458810E-01 a      1118     1    18     2    18
 -6.2197211657201282E-02 a      1119     1    18     2    19
  2.3577986816421187E-01 a      1120     1    18     2    20
  8.6874460209199797E-02 a      1121     1    18     2    21
  5.7500245103479353E-01 a      1122     1    18     2    22
 -2.2915591440390462E-01 a      1123     1    18     2    23
  4.8213127651942939E-01 a      1124     1    18     2    24
  2.4820383557594644E-01 a      1125     1    18     2    25
 -8.1853813163845723E-01 a      1126     1    19     2     1
  1.8329627807835849E-01 a      1127     1    19     2     2
 -2.8552209645625604E-01 a      1128     1    19     2     3
  1.5912333717068832E-02 a      1129     1    19     2     4
 -2.0978713499550242E-01 a      1130     1    19     2     5
 -2.2059713410733517E-01 a      1131     1    19     2     6
 -3.2296285880018177E-01 a      1132     1    19     2     7
 -1.7598124098355436E-01 a      1133     1    19     2     8
 -6.8588981578777086E-01 a      1134     1    19     2     9
  1.8711842285285443E-01 a      1135     1    19     2    10
  3.4224589073114556E-02 a      1136     1    19     2    11
  1.8080846156670319E-01 a      1137     1    19     2    12
 -1.8141062235370120E-01 a      1138     1    19     2    13
  1.3870934977189198E+00 a      1139     1    19     2    14
 -2.5967231042420758E-01 a      1140     1    19     2    15
 -2.3219855254599109E-01 a      1141     1    19     2    16
  3.7511320433238704E-01 a      1142     1    19     2    17
 -2.5043146100072783E-01 a      1143     1    19     2    18
  2.2917023668651454E-01 a      1144     1    19     2    19
  3.0329065926966675E-01 a      1145     1    19     2    20
  1.4447016017934955E-01 a      1146     1    19     2    21
 -4.1000809618284048E-02 a      1147     1    19     2    22
  1.4468287504233107E-01 a      1148     1    19     2    23
 -2.1206830312480221E-01 a      1149     1    19     2    24
  6.0818445203404714E-01 a      1150     1    19     2    25
  1.0309956768252471E+00 a      1151     1    20     2     1
  6.0914398105520429E-01 a      1152     1    20     2     2
  5.3238201381738692E-01 a      1153     1    20     2     3
  2.9363984724739817E-01 a      1154     1    20     2     4
 -4.7423498602683950E-01 a      1155     1    20     2     5
 -6.5764114650409333E-01 a      1156     1    20     2     6
  7.6519844576159812E-01 a      1157     1    20     2     7
 -1.7780146939455641E-01 a      1158     1    20     2     8
  3.2605853501932153E-01 a      1159     1    20     2     9
 -7.3305341258470116E-02 a      1160     1    20     2    10
 -8.8180220805553801E-03 a      1161     1    20     2    11
  3.1121962899435776E-03 a      1162     1    20     2    12
  8.2349652938710005E-01 a      1163     1    20     2    13
  4.8466877140081710E-01 a      1164     1    20     2    14
  4.7305250481038658E-01 a      1165     1    20     2    15
 -4.4440603072196305E-01 a      1166     1    20     2    16
  7.8568294550025106E-02 a      1167     1    20     2    17
 -6.2392460398466376E-01 a      1168     1    20     2    18
  3.4332377178940482E-01 a      1169     1    20     2    19
 -3.5488865886508647E-01 a      1170     1    20     2    20
  2.7847723428997595E-01 a      1171     1    20     2    21
 -1.3573326871453109E-01 a      1172     1    20     2    22
 -2.0544973271054709E-01 a      1173     1    20     2    23
  4.2292539031758630E-01 a      1174     1    20     2    24
  8.0542577282821892E-01 a      1175     1    20     2    25
 -8.0979009830267457E-01 a      1176     1    21     2     1
  2.2234806657168324E-01 a      1177     1    21     2     2
 -1.0803742267981703E-01 a      1178     1    21     2     3
  1.3898998943243226E-01 a      1179     1    21     2     4
  1.8868986398529985E-01 a      1180     1    21     2     5
 -2.8454788280459908E-01 a      1181     1    21     2     6
  1.6011007176924136E-01 a      1182     1    21     2     7
  4.7371216458258369E-01 a      1183     1    21     2     8
 -7.4066693259677785E-01 a      1184     1    21     2     9
  6.8184004118899938E-02 a      1185     1    21     2    10
  8.6337337723744009E-02 a      1186     1    21     2    11
  2.0950703848926280E-01 a      1187     1    21     2    12
 -4.2070164881467981E-01 a      1188     1    21     2    13
  1.1532076532871611E+00 a      1189     1    21     2    14
 -1.1952570678437108E-01 a      1190     1    21     2    15
 -4.1126926719207241E-01 a      1191     1    21     2    16
  7.5764048368994918E-02 a      1192     1    21     2    17
 -4.7512866976755075E-01 a      1193     1    21     2    18
  4.8000356969832997E-01 a      1194     1    21     2    19
  7.2309423103540826E-01 a      1195     1    21     2    20
  4.5556739900789084E-01 a      1196     1    21     2    21
  7.0195041569042793E-01 a      1197     1    21     2    22
 -4.1353685703594413E-02 a      1198     1    21     2    23
 -6.4620148613248674E-01 a      1199     1    21     2    24
  2.2304947935282815E-01 a      1200     1    21     2    25
 -4.1107348680979228E-01 a      1201     1    22     2     1
  5.9508224736635459E-02 a      1202     1    22     2     2
 -1.0430959674724863E-01 a      1203     1    22     2     3
 -1.2831659265673823E-01 a      1204     1    22     2     4
  2.9036788320323009E-01 a      1205     1    22     2     5
  2.9448550391441070E-01 a      1206     1    22     2     6
  2.8667098850860745E-01 a      1207     1    22     2     7
 -4.5977292326450975E-01 a      1208     1    22     2     8
 -2.1159296514810397E-01 a      1209     1    22     2     9
 -1.1182369286783085E-01 a      1210     1    22     2    10
  2.2213092372452370E-01 a      1211     1    22     2    11
  1.4580171285273336E-01 a      1212     1    22     2    12
  3.2028615502974028E-01 a      1213     1    22     2    13
 -9.5151836790462435E-02 a      1214     1    22     2    14
  3.7775811579217916E-01 a      1215     1    22     2    15
  4.3296872602939168E-01 a      1216     1    22     2    16
  1.0008330502237539E-01 a      1217     1    22     2    17
  1.6979185651005818E-01 a      1218     1    22     2    18
  1.0121405463374911E+00 a      1219     1    22     2    19
 -5.6848728050703512E-01 a      1220     1    22     2    20
  4.2903070084038791E-02 a      1221     1    22     2    21
  7.6460410076413421E-01 a      1222     1    22     2    22
  1.9338209622264893E-01 a      1223     1    22     2    23
 -2.0956975666805464E-01 a      1224     1    22     2    24
  1.9495082656187063E-01 a      1225     1    22     2    25
 -2.2081254363083838E-01 a      1226     1    23     2     1
 -1.2933368985415042E-01 a      1227     1    23     2     2
 -5.4895679839104039E-01 a      1228     1    23     2     3
 -5.5151014576740143E-01 a      1229     1    23     2     4
  1.7631980683526996E-01 a      1230     1    23     2     5
 -2.5919008435327773E-01 a      1231     1    23     2     6
 -8.4517162935851556E-02 a      1232     1    23     2     7
  2.3438954503602671E-01 a      1233     1    23     2     8
 -1.1769398316498135E-01 a      1234     1    23     2     9
  6.4059426189061838E-02 a      1235     1    23     2    10
 -1.2814362701456300E-01 a      1236     1    23     2    11
  3.7501570130479245E-01 a      1237     1    23     2    12
 -8.6096712326253471E-03 a      1238     1    23     2    13
  7.4785473092438304E-01 a      1239     1    23     2    14
  1.4160348902806594E-01 a      1240     1    23     2    15
  3.2340028723720948E-01 a      1241     1    23     2    16
  1.9294873062994478E-02 a      1242     1    23     2    17
  4.4279513979205631E-01 a      1243     1    23     2    18
  3.7526068318075551E-01 a      1244     1    23     2    19
 -4.6060297373061679E-02 a      1245     1    23     2    20
  3.2162547618192994E-01 a      1246     1    23     2    21
 -3.1954783322896790E-01 a      1247     1    23     2    22
 -6.3920222931202098E-01 a      1248     1    23     2    23
  7.5143374830084353E-01 a      1249     1    23     2    24
  2.5233763565389322E-01 a      1250     1    23     2    25
  2.9852541569584401E-01 a      1251     1    24     2     1
  7.6325971251058000E-01 a      1252     1    24     2     2
 -5.6810561882229815E-01 a      1253     1    24     2     3
  2.1922679217938737E-01 a      1254     1    24     2     4
 -1.9642629789310082E-01 a      1255     1    24     2     5
  1.9522960539743206E-01 a      1256     1    24     2     6
  5.6234224297176894E-01 a      1257     1    24     2     7
 -2.1010598884328803E-02 a      1258     1    24     2     8
 -3.5005277436891691E-01 a      1259     1    24     2     9
  6.2075546886705368E-01 a      1260     1    24     2    10
 -1.3823591844288130E-03 a      1261     1    24     2    11
 -4.1936394151830825E-01 a      1262     1    24     2    12
 -8.9298430648659666E-02 a      1263     1    24     2    13
 -4.3867754650308088E-01 a      1264     1    24     2    14
  2.0371356980199651E-01 a      1265     1    24     2    15
  5.9097227047119594E-01 a      1266     1    24     2    16
  1.5580244243332933E-01 a      1267     1    24     2    17
 -1.2566913053970000E-01 a      1268     1    24     2    18
  8.2536029509434972E-01 a      1269     1    24     2    19
  3.0432288155976545E-01 a      1270     1    24     2    20
  6.0829848327458569E-01 a      1271     1    24     2    21
 -4.4391668445739356E-03 a      1272     1    24     2    22
  2.7293947551182951E-01 a      1273     1    24     2    23
 -2.9061414300385058E-02 a      1274     1    24     2    24
  2.2391417734389618E-01 a      1275     1    24     2    25
  3.9590478694999792E-01 a      1276     1    25     2     1
 -2.8788178208952730E-01 a      1277     1    25     2     2
  3.4890111062516255E-01 a      1278     1    25     2     3
  3.7600291630840388E-01 a      1279     1    25     2     4
  6.7340717306522357E-02 a      1280     1    25     2     5
 -4.0695768826137424E-01 a      1281     1    25     2     6
  1.6703246081284984E-01 a      1282     1    25     2     7
  2.1484433627347913E-01 a      1283     1    25     2     8
 -1.1082330590042914E-01 a      1284     1    25     2     9
 -4.6872801914323720E-01 a      1285     1    25     2    10
 -1.3025437087967773E-01 a      1286     1    25     2    11
 -4.3125590467275647E-02 a      1287     1    25     2    12
  4.4571206562267579E-01 a      1288     1    25     2    13
 -4.4431536936411269E-02 a      1289     1    25     2    14
 -4.6409188391196055E-01 a      1290     1    25     2    15
 -3.5155039613182265E-01 a      1291     1    25     2    16
  1.8165456132224025E-01 a      1292     1    25     2    17
  1.3431975487347131E-01 a      1293     1    25     2    18
 -3.3737010123221473E-01 a      1294     1    25     2    19
 -1.1192346167510940E-01 a      1295     1    25     2    20
 -1.1500438672844511E-01 a      1296     1    25     2    21
  5.1217692113989499E-01 a      1297     1    25     2    22
  1.4140053022368992E-01 a      1298     1    25     2    23
  6.5697791853281251E-01 a      1299     1    25     2    24
 -8.7042290147125001E-02 a      1300     1    25     2    25
 -6.2290084190927497E-01 b      1301     2     1
  2.2874289855938293E-01 b      1302     2     2
 -3.3228315191783120E-01 b      1303     2     3
  2.6596709373183919E-01 b      1304     2     4
  2.8132117868296003E-01 b      1305     2     5
 -3.3167349705877214E-01 b      1306     2     6
  6.7915053369620254E-02 b      1307     2     7
  3.2258771339283704E-01 b      1308     2     8
  1.0367244073456743E-03 b      1309     2     9
  2.3074523708090544E-01 b      1310     2    10
  8.6661774383340862E-01 b      1311     2    11
  4.2444119326905966E-01 b      1312     2    12
  4.4556086852883647E-02 b      1313     2    13
  1.3354288177640874E+00 b      1314     2    14
  5.1854958420792785E-01 b      1315     2    15
  3.4873510674320907E-01 b      1316     2    16
  3.0506369103617298E-01 b      1317     2    17
  1.6095465248976651E-01 b      1318     2    18
 -5.4804212164687977E-02 b      1319     2    19
 -1.5615285692736960E-01 b      1320     2    20
  2.4096156089368367E-01 b      1321     2    21
  3.0114167637385586E-01 b      1322     2    22
  6.5851539676515614E-01 b      1323     2    23
  8.0270506507418860E-01 b      1324     2    24
  3.1439168339317625E-01 b      1325     2    25
  2.2283404542215313E-01 a      1326     2     1     3     1
 -3.2405545213656889E-01 a      1327     2     2     3     1
 -1.9931485795818502E-01 a      1328     2     3     3     1
 -4.7677734097787344E-01 a      1329     2     4     3     1
 -2.7136103224589642E-01 a      1330     2     5     3     1
  3.9077200725085409E-01 a      1331     2     6     3     1
 -6.5839117749848283E-02 a      1332     2     7     3     1
 -7.1802142181441167E-02 a      1333     2     8     3     1
 -2.6512619989493458E-01 a      1334     2     9     3     1
 -2.3173175735790583E-01 a      1335     2    10     3     1
 -9.8587633842461775E-01 a      1336     2    11     3     1
 -4.6184588885608169E-01 a      1337     2    12     3     1
  1.3813609308839317E-01 a      1338     2    13     3     1
  7.5207599054157540E-02 a      1339     2    14     3     1
 -2.4556966640502836E-01 a      1340     2    15     3     1
 -4.6097655743523896E-01 a      1341     2    16     3     1
 -3.3042264731998550E-01 a      1342     2    17     3     1
 -1.3211124580737862E-01 a      1343     2    18     3     1
  2.9868041186060496E-01 a      1344     2    19     3     1
 -8.5776040609233786E-02 a      1345     2    20     3     1
  2.8545115927259218E-01 a      1346     2    21     3     1
  4.7175168608547889E-02 a      1347     2    22     3     1
 -7.2390337761926193E-01 a      1348     2    23     3     1
  4.4227065450854058E-02 a      1349     2    24     3     1
 -1.5941518493181789E-01 a      1350     2    25     3     1
 -9.5611409956902238E-01 b      1351     3     1
